t, keyframeid, x1, y1, c1, x2, y2, c2, x3, y3, c3, x4, y4, c4
0.0, 0, 0.,0.,0.,0.,0.,0.,0.,0.,0.,0.,0.,0.
0.03333333333333333, 1, 0.,0.,0.,0.,0.,0.,0.,0.,0.,0.,0.,0.
0.06666666666666667, 2, 0.,0.,0.,0.,0.,0.,0.,0.,0.,0.,0.,0.
0.1, 3, 0.,0.,0.,0.,0.,0.,0.,0.,0.,0.,0.,0.
0.13333333333333333, 4, 0.,0.,0.,0.,0.,0.,0.,0.,0.,0.,0.,0.
0.16666666666666666, 5, 0.,0.,0.,0.,0.,0.,0.,0.,0.,0.,0.,0.
0.2, 6, 0.,0.,0.,0.,0.,0.,0.,0.,0.,0.,0.,0.
0.23333333333333334, 7, 0.,0.,0.,0.,0.,0.,0.,0.,0.,0.,0.,0.
0.26666666666666666, 8, 0.,0.,0.,0.,0.,0.,0.,0.,0.,0.,0.,0.
0.3, 9, 0.,0.,0.,0.,0.,0.,0.,0.,0.,0.,0.,0.
0.3333333333333333, 10, 0.,0.,0.,0.,0.,0.,0.,0.,0.,0.,0.,0.
0.36666666666666664, 11, 0.,0.,0.,0.,0.,0.,0.,0.,0.,0.,0.,0.
0.4, 12, 0.,0.,0.,0.,0.,0.,0.,0.,0.,0.,0.,0.
0.43333333333333335, 13, 0.,0.,0.,0.,0.,0.,0.,0.,0.,0.,0.,0.
0.4666666666666667, 14, 0.,0.,0.,0.,0.,0.,0.,0.,0.,0.,0.,0.
0.5, 15, 0.,0.,0.,0.,0.,0.,0.,0.,0.,0.,0.,0.
0.5333333333333333, 16, 0.,0.,0.,0.,0.,0.,0.,0.,0.,0.,0.,0.
0.5666666666666667, 17, 0.,0.,0.,0.,0.,0.,0.,0.,0.,0.,0.,0.
0.6, 18, 0.,0.,0.,0.,0.,0.,0.,0.,0.,0.,0.,0.
0.6333333333333333, 19, 0.,0.,0.,0.,0.,0.,0.,0.,0.,0.,0.,0.
0.6666666666666666, 20, 0.,0.,0.,0.,0.,0.,0.,0.,0.,0.,0.,0.
0.7, 21, 0.,0.,0.,0.,0.,0.,0.,0.,0.,0.,0.,0.
0.7333333333333333, 22, 0.,0.,0.,0.,0.,0.,0.,0.,0.,0.,0.,0.
0.7666666666666667, 23, 0.,0.,0.,0.,0.,0.,0.,0.,0.,0.,0.,0.
0.8, 24, 0.,0.,0.,0.,0.,0.,0.,0.,0.,0.,0.,0.
0.8333333333333334, 25, 0.,0.,0.,0.,0.,0.,0.,0.,0.,0.,0.,0.
0.8666666666666667, 26, 0.,0.,0.,0.,0.,0.,0.,0.,0.,0.,0.,0.
0.9, 27, 0.,0.,0.,0.,0.,0.,0.,0.,0.,0.,0.,0.
0.9333333333333333, 28, 0.,0.,0.,0.,0.,0.,0.,0.,0.,0.,0.,0.
0.9666666666666667, 29, 0.,0.,0.,0.,0.,0.,0.,0.,0.,0.,0.,0.
1.0, 30, 0.,0.,0.,0.,0.,0.,0.,0.,0.,0.,0.,0.
1.0333333333333334, 31,   5.37914  ,304.183    ,  0.0797976,  0.       ,  0.       ,  0.       ,  0.       ,  0.       ,  0.       ,  0.       ,  0.       ,  0.       
1.0666666666666667, 32,   5.36325 ,304.21    ,  0.311717,  0.      ,  0.      ,  0.      ,  0.      ,  0.      ,  0.      ,  0.      ,  0.      ,  0.      
1.1, 33,   5.35075 ,306.05    ,  0.677071,  0.      ,  0.      ,  0.      ,  0.      ,  0.      ,  0.      ,  0.      ,  0.      ,  0.      
1.1333333333333333, 34,   5.33385 ,306.163   ,  0.833958,  0.      ,  0.      ,  0.      ,  0.      ,  0.      ,  0.      ,  0.      ,  0.      ,  0.      
1.1666666666666667, 35,  18.1347  ,306.217   ,  0.742655,  0.      ,  0.      ,  0.      ,  0.      ,  0.      ,  0.      ,  0.      ,  0.      ,  0.      
1.2, 36,  24.0634  ,308.139   ,  0.791536,  5.3762  ,304.155   ,  0.12169 ,  0.      ,  0.      ,  0.      ,  0.      ,  0.      ,  0.      
1.2333333333333334, 37,  39.6825  ,310.052   ,  0.811532,  5.35467 ,302.198   ,  0.415689,  0.      ,  0.      ,  0.      ,  0.      ,  0.      ,  0.      
1.2666666666666666, 38,  53.4002  ,310.016   ,  0.834467,  5.34138 ,304.113   ,  0.754857,  5.36519 ,429.577   ,  0.106736,  4.38995 ,529.442   ,  0.711714
1.3, 39,  70.951   ,312.037   ,  0.839497, 22.1419  ,304.163   ,  0.789834,  5.35801 ,423.658   ,  0.512901, 21.9293  ,529.488   ,  0.762677
1.3333333333333333, 40,  78.8911  ,311.986   ,  0.782684, 26.019   ,304.231   ,  0.758963,  4.39452 ,439.366   ,  0.760331, 27.9637  ,527.567   ,  0.800621
1.3666666666666667, 41,  88.6548  ,311.976   ,  0.815679, 37.7505  ,306.127   ,  0.776628,  0.      ,  0.      ,  0.      ,  0.      ,  0.      ,  0.      
1.4, 42, 100.477   ,308.097   ,  0.879295, 51.4359  ,304.204   ,  0.786218, 22.0831  ,425.624   ,  0.767131, 53.3917  ,523.66    ,  0.872651
1.4333333333333333, 43, 116.034   ,306.23    ,  0.872715, 65.1656  ,304.153   ,  0.759062, 31.8615  ,415.904   ,  0.769475, 67.1178  ,523.543   ,  0.851139
1.4666666666666666, 44, 123.915   ,306.101   ,  0.851398, 74.9339  ,302.231   ,  0.748361, 41.6661  ,415.872   ,  0.778911, 78.8691  ,523.554   ,  0.818053
1.5, 45, 133.785   ,306.14    ,  0.891245, 86.6634  ,304.071   ,  0.778136, 53.4017  ,415.87    ,  0.824137, 86.7803  ,523.561   ,  0.861701
1.5333333333333334, 46, 145.477   ,304.244   ,  0.868978, 94.5436  ,302.135   ,  0.73362 , 63.214   ,413.919   ,  0.797955, 98.4518  ,519.665   ,  0.813711
1.5666666666666667, 47, 151.361   ,304.177   ,  0.873063,102.415   ,300.218   ,  0.741478, 71.038   ,413.91    ,  0.817194,106.286   ,517.726   ,  0.793409
1.6, 48, 163.06    ,304.182   ,  0.881453,112.149   ,298.285   ,  0.715673, 82.7471  ,413.874   ,  0.798929,116.096   ,515.774   ,  0.839544
1.6333333333333333, 49, 167.05    ,304.164   ,  0.873348,118.089   ,300.203   ,  0.734372, 86.7467  ,413.835   ,  0.812721,123.896   ,513.834   ,  0.7967  
1.6666666666666667, 50, 178.675   ,304.182   ,  0.870856,125.912   ,300.248   ,  0.717511, 98.4575  ,413.924   ,  0.804986,131.835   ,515.757   ,  0.854065
1.7, 51, 182.698   ,304.205   ,  0.877714,133.76    ,302.141   ,  0.740387,102.472   ,415.778   ,  0.804206,141.546   ,517.672   ,  0.793849
1.7333333333333334, 52, 192.449   ,306.053   ,  0.865386,141.566   ,302.238   ,  0.735241,114.137   ,415.858   ,  0.7904  ,147.516   ,519.628   ,  0.851155
1.7666666666666666, 53, 196.46    ,306.066   ,  0.889372,149.415   ,304.101   ,  0.773515,119.995   ,415.845   ,  0.791808,155.303   ,517.729   ,  0.78257 
1.8, 54, 208.087   ,306.103   ,  0.856992,159.159   ,304.174   ,  0.750996,131.742   ,415.9     ,  0.796125,163.163   ,523.501   ,  0.880354
1.8333333333333333, 55, 212.112   ,306.134   ,  0.896782,167.011   ,304.206   ,  0.775008,135.755   ,419.757   ,  0.763572,174.851   ,521.626   ,  0.80779 
1.8666666666666667, 56, 221.838   ,306.109   ,  0.844025,176.843   ,304.23    ,  0.781043,147.501   ,419.792   ,  0.769908,180.825   ,523.613   ,  0.871787
1.9, 57, 227.713   ,308.046   ,  0.870362,184.648   ,306.124   ,  0.768198,157.254   ,425.601   ,  0.743423,194.431   ,525.528   ,  0.864559
1.9333333333333333, 58, 239.469   ,308.082   ,  0.813355,196.347   ,306.087   ,  0.786135,167.012   ,427.534   ,  0.76579 ,204.251   ,525.612   ,  0.811448
1.9666666666666666, 59, 243.458   ,308.107   ,  0.847334,206.221   ,306.181   ,  0.758619,178.837   ,427.587   ,  0.774807,212.193   ,527.487   ,  0.833428
2.0, 60, 255.206   ,308.148   ,  0.813319,214.045   ,308.061   ,  0.745386,190.536   ,429.511   ,  0.776793,225.843   ,527.561   ,  0.839619
2.033333333333333, 61, 261.027   ,308.061   ,  0.81607 ,225.833   ,306.103   ,  0.773962,200.339   ,429.49    ,  0.757888,237.568   ,527.569   ,  0.801265
2.066666666666667, 62, 270.838   ,306.157   ,  0.8026  ,233.634   ,306.09    ,  0.738343,212.061   ,429.485   ,  0.786189,249.35    ,529.483   ,  0.797613
2.1, 63, 280.661   ,306.143   ,  0.783001,243.514   ,304.089   ,  0.740228,225.708   ,429.476   ,  0.776683,261.105   ,529.44    ,  0.814404
2.1333333333333333, 64, 290.387   ,306.088   ,  0.831772,257.098   ,302.204   ,  0.740075,231.679   ,427.546   ,  0.740622,274.701   ,527.511   ,  0.860494
2.1666666666666665, 65, 298.259   ,304.199   ,  0.776169,264.975   ,302.142   ,  0.719769,241.554   ,425.617   ,  0.76566 ,286.483   ,525.638   ,  0.819517
2.2, 66, 304.209   ,304.128   ,  0.788491,274.83    ,298.29    ,  0.733635,255.11    ,423.665   ,  0.732127,296.313   ,525.642   ,  0.811588
2.2333333333333334, 67, 312.004   ,302.227   ,  0.72782 ,288.447   ,294.392   ,  0.730057,261.125   ,425.595   ,  0.731529,306.086   ,527.543   ,  0.823413
2.2666666666666666, 68, 319.785   ,300.205   ,  0.73853 ,296.339   ,292.416   ,  0.729868,272.878   ,421.72    ,  0.744875,317.805   ,525.614   ,  0.83059 
2.3, 69, 325.725   ,300.242   ,  0.704585,304.231   ,292.392   ,  0.767622,280.655   ,425.596   ,  0.712592,321.884   ,527.484   ,  0.818259
2.3333333333333335, 70, 333.564   ,300.231   ,  0.728907,312.015   ,292.456   ,  0.72907 ,290.384   ,423.646   ,  0.733876,333.496   ,525.588   ,  0.836129
2.3666666666666667, 71, 337.542   ,300.243   ,  0.752023,319.852   ,292.476   ,  0.770646,294.397   ,425.649   ,  0.722613,337.504   ,527.489   ,  0.83974 
2.4, 72, 349.222   ,302.133   ,  0.735546,327.688   ,292.469   ,  0.725079,304.131   ,425.637   ,  0.73853 ,347.233   ,527.497   ,  0.800315
2.433333333333333, 73, 353.201   ,300.259   ,  0.754945,335.58    ,292.463   ,  0.780657,308.055   ,421.71    ,  0.737124,351.161   ,525.616   ,  0.860148
2.466666666666667, 74, 366.779   ,302.187   ,  0.748758,343.384   ,292.445   ,  0.729999,317.815   ,425.592   ,  0.729199,355.083   ,527.549   ,  0.810071
2.5, 75, 368.874   ,300.271   ,  0.743922,351.256   ,292.413   ,  0.782278,321.851   ,427.539   ,  0.749254,362.93    ,527.576   ,  0.785279
2.533333333333333, 76, 382.487   ,304.123   ,  0.782697,357.096   ,292.423   ,  0.738266,325.735   ,427.538   ,  0.739207,366.83    ,527.543   ,  0.836576
2.566666666666667, 77, 382.574   ,302.174   ,  0.757457,364.857   ,294.344   ,  0.741001,335.418   ,427.617   ,  0.752939,370.777   ,531.396   ,  0.796344
2.6, 78, 392.289   ,304.067   ,  0.730755,368.835   ,294.341   ,  0.752828,337.546   ,427.578   ,  0.75812 ,378.624   ,529.498   ,  0.78748 
2.6333333333333333, 79, 398.148   ,304.088   ,  0.771162,372.725   ,296.324   ,  0.731341,343.324   ,427.538   ,  0.743414,382.498   ,527.558   ,  0.83804 
2.6666666666666665, 80, 400.12    ,304.067   ,  0.775414,380.562   ,296.351   ,  0.740205,351.168   ,427.599   ,  0.787542,386.42    ,529.491   ,  0.81438 
2.7, 81, 404.115   ,300.279   ,  0.723943,384.445   ,296.324   ,  0.749606,355.149   ,425.603   ,  0.748307,392.357   ,527.551   ,  0.803442
2.7333333333333334, 82, 413.781   ,300.231   ,  0.748832,388.398   ,294.355   ,  0.737837,362.887   ,423.659   ,  0.733692,398.155   ,525.649   ,  0.854758
2.7666666666666666, 83, 415.875   ,302.139   ,  0.770648,394.245   ,292.484   ,  0.721855,366.791   ,423.689   ,  0.768677,400.252   ,527.49    ,  0.84776 
2.8, 84, 423.686   ,302.172   ,  0.745224,398.167   ,294.348   ,  0.753694,368.855   ,423.651   ,  0.779279,406.055   ,525.622   ,  0.823462
2.8333333333333335, 85, 429.448   ,302.138   ,  0.777463,400.2     ,292.428   ,  0.765329,370.808   ,417.783   ,  0.781815,411.908   ,525.526   ,  0.870256
2.8666666666666667, 86, 431.47    ,300.211   ,  0.79519 ,406.016   ,292.376   ,  0.751447,376.66    ,417.843   ,  0.759893,413.905   ,523.666   ,  0.892402
2.9, 87, 433.452   ,298.31    ,  0.767726,409.967   ,290.555   ,  0.751873,382.448   ,417.806   ,  0.793395,415.903   ,525.488   ,  0.886423
2.933333333333333, 88, 435.429   ,298.293   ,  0.737888,413.873   ,292.385   ,  0.785141,384.524   ,419.734   ,  0.792191,419.798   ,525.47    ,  0.847413
2.966666666666667, 89, 439.309   ,298.26    ,  0.729299,415.839   ,290.545   ,  0.794076,386.505   ,415.92    ,  0.782448,427.6     ,525.529   ,  0.865738
3.0, 90, 441.33    ,298.29    ,  0.73966 ,417.789   ,292.376   ,  0.773562,388.428   ,415.87    ,  0.800026,431.461   ,525.482   ,  0.879561
3.033333333333333, 91, 445.127   ,300.198   ,  0.751551,419.731   ,292.383   ,  0.756663,394.244   ,413.89    ,  0.797389,435.471   ,521.663   ,  0.812722
3.066666666666667, 92, 445.186   ,298.311   ,  0.755158,423.674   ,292.409   ,  0.749318,396.262   ,409.953   ,  0.755446,443.301   ,511.828   ,  0.833891
3.1, 93, 445.294   ,298.27    ,  0.767985,423.675   ,292.433   ,  0.747229,398.132   ,404.098   ,  0.781355,449.124   ,505.969   ,  0.851427
3.1333333333333333, 94, 447.2     ,296.315   ,  0.780752,425.645   ,290.431   ,  0.78149 ,398.18    ,398.144   ,  0.804495,458.919   ,492.27    ,  0.868872
3.1666666666666665, 95, 447.227   ,294.345   ,  0.780096,425.631   ,290.377   ,  0.779002,398.244   ,388.407   ,  0.78285 ,468.757   ,474.616   ,  0.810085
3.2, 96, 447.222   ,292.468   ,  0.773541,421.732   ,288.431   ,  0.75863 ,398.208   ,370.798   ,  0.787202,478.512   ,455.048   ,  0.80195 
3.2333333333333334, 97, 447.22    ,292.389   ,  0.777469,419.769   ,284.571   ,  0.735671,398.211   ,357.104   ,  0.792927,480.448   ,429.59    ,  0.835853
3.2666666666666666, 98, 447.262   ,290.549   ,  0.79411 ,417.826   ,284.56    ,  0.743839,396.276   ,343.367   ,  0.747129,482.458   ,398.175   ,  0.764977
3.3, 99, 447.195   ,290.487   ,  0.832561,417.773   ,282.609   ,  0.741624,394.3     ,335.535   ,  0.730051,503.979   ,366.781   ,  0.802017
3.3333333333333335, 100, 447.141   ,290.428   ,  0.851877,415.787   ,280.633   ,  0.758765,386.419   ,327.666   ,  0.760114,507.872   ,335.58    ,  0.781941
3.3666666666666667, 101, 447.139   ,292.374   ,  0.834742,413.791   ,286.466   ,  0.736518,386.418   ,323.728   ,  0.757487,500.073   ,306.164   ,  0.747453
3.4, 102, 447.184   ,292.427   ,  0.811289,406.051   ,288.439   ,  0.747744,400.172   ,321.752   ,  0.737991,494.216   ,280.646   ,  0.793512
3.433333333333333, 103, 445.298   ,292.469   ,  0.822998,409.943   ,288.547   ,  0.776441,409.974   ,323.805   ,  0.729774,490.274   ,259.143   ,  0.793661
3.466666666666667, 104, 445.201   ,294.415   ,  0.817395,411.859   ,290.5     ,  0.774462,427.518   ,333.53    ,  0.737619,480.473   ,243.45    ,  0.849819
3.5, 105, 449.11    ,302.186   ,  0.797878,413.919   ,290.402   ,  0.763679,443.232   ,319.834   ,  0.635396,478.585   ,225.866   ,  0.791389
3.533333333333333, 106, 447.137   ,304.07    ,  0.75182 ,415.921   ,294.378   ,  0.703605,472.62    ,308.088   ,  0.660377,478.619   ,214.087   ,  0.608513
3.566666666666667, 107, 443.228   ,294.341   ,  0.684601,415.911   ,292.45    ,  0.718543,492.162   ,312.032   ,  0.70487 ,488.291   ,225.845   ,  0.668218
3.6, 108, 445.2     ,292.374   ,  0.755781,421.694   ,292.455   ,  0.71132 ,507.964   ,310.011   ,  0.731283,496.184   ,217.954   ,  0.670795
3.6333333333333333, 109, 445.259   ,292.442   ,  0.710302,425.626   ,292.391   ,  0.701379,525.597   ,296.342   ,  0.755302,523.651   ,194.408   ,  0.71003 
3.6666666666666665, 110, 441.295   ,292.428   ,  0.647361,425.657   ,290.465   ,  0.701604,537.317   ,288.456   ,  0.804743,556.953   ,192.514   ,  0.5237  
3.7, 111, 443.219   ,290.482   ,  0.646314,429.475   ,290.394   ,  0.716345,551.016   ,261.12    ,  0.672365,590.241   ,167.079   ,  0.632092
3.7333333333333334, 112, 441.271   ,288.481   ,  0.62815 ,429.503   ,288.436   ,  0.705415,554.942   ,245.448   ,  0.762494,617.631   ,163.016   ,  0.814344
3.7666666666666666, 113, 433.444   ,288.485   ,  0.596334,431.532   ,288.444   ,  0.701463,566.718   ,239.551   ,  0.661317,623.522   ,163.105   ,  0.826852
3.8, 114, 439.368   ,288.454   ,  0.577967,433.443   ,288.465   ,  0.703012,572.534   ,237.542   ,  0.616878,625.453   ,163.092   ,  0.816715
3.8333333333333335, 115, 441.31    ,288.521   ,  0.62076 ,431.513   ,288.544   ,  0.73302 ,566.692   ,245.411   ,  0.63678 ,621.569   ,163.15    ,  0.827509
3.8666666666666667, 116, 437.407   ,288.498   ,  0.605684,437.403   ,288.463   ,  0.687546,570.59    ,243.419   ,  0.67555 ,623.502   ,163.171   ,  0.803711
3.9, 117, 435.425   ,288.542   ,  0.61169 ,441.269   ,288.445   ,  0.693671,568.655   ,245.456   ,  0.679868,629.397   ,163.138   ,  0.809273
3.933333333333333, 118, 433.507   ,288.547   ,  0.637313,443.208   ,288.417   ,  0.712024,568.618   ,247.343   ,  0.695659,631.31    ,164.999   ,  0.831591
3.966666666666667, 119, 433.473   ,290.385   ,  0.638381,443.244   ,288.416   ,  0.713098,570.585   ,245.419   ,  0.694483,631.339   ,163.175   ,  0.838076
4.0, 120, 433.524   ,290.379   ,  0.642288,443.285   ,288.403   ,  0.727398,570.581   ,245.414   ,  0.713715,631.378   ,163.142   ,  0.84244 
4.033333333333333, 121, 433.476   ,290.395   ,  0.653859,443.269   ,288.402   ,  0.726897,570.589   ,245.396   ,  0.705423,631.363   ,163.146   ,  0.842005
4.066666666666666, 122, 433.49    ,288.556   ,  0.648741,443.278   ,286.538   ,  0.716257,570.57    ,245.419   ,  0.688225,631.357   ,163.182   ,  0.839641
4.1, 123, 437.369   ,288.548   ,  0.616309,441.308   ,286.56    ,  0.698719,570.557   ,245.43    ,  0.689367,631.342   ,163.157   ,  0.838377
4.133333333333334, 124, 437.365   ,288.543   ,  0.619011,443.208   ,286.554   ,  0.699613,568.63    ,247.338   ,  0.702698,631.308   ,163.152   ,  0.832352
4.166666666666667, 125, 435.465   ,288.539   ,  0.630658,443.246   ,288.4     ,  0.711859,568.654   ,245.442   ,  0.710624,631.291   ,163.124   ,  0.827766
4.2, 126, 437.37    ,288.548   ,  0.633929,443.255   ,288.417   ,  0.706893,568.626   ,245.397   ,  0.731799,629.343   ,163.127   ,  0.813398
4.233333333333333, 127, 437.382   ,288.556   ,  0.631319,443.259   ,288.409   ,  0.7107  ,568.654   ,245.363   ,  0.735738,627.452   ,163.108   ,  0.803791
4.266666666666667, 128, 433.531   ,290.392   ,  0.652273,445.168   ,288.399   ,  0.724489,570.528   ,243.455   ,  0.740503,627.408   ,163.088   ,  0.809138
4.3, 129, 433.534   ,288.561   ,  0.653112,445.173   ,286.554   ,  0.725997,570.536   ,243.391   ,  0.735065,627.422   ,163.032   ,  0.801815
4.333333333333333, 130, 433.507   ,290.392   ,  0.66124 ,445.188   ,286.552   ,  0.726028,570.657   ,241.414   ,  0.69065 ,627.394   ,161.175   ,  0.803435
4.366666666666666, 131, 435.408   ,290.4     ,  0.646238,445.173   ,286.564   ,  0.728013,570.591   ,241.462   ,  0.681451,623.554   ,163.026   ,  0.809666
4.4, 132, 435.417   ,290.392   ,  0.649685,445.185   ,288.4     ,  0.734137,570.569   ,241.478   ,  0.683674,623.555   ,163.035   ,  0.809579
4.433333333333334, 133, 435.411   ,288.557   ,  0.654163,445.165   ,286.555   ,  0.727794,568.61    ,243.419   ,  0.663693,623.545   ,163.043   ,  0.814083
4.466666666666667, 134, 437.383   ,288.541   ,  0.637761,445.156   ,288.397   ,  0.731122,564.719   ,245.409   ,  0.648995,623.537   ,163.067   ,  0.815057
4.5, 135, 437.375   ,288.548   ,  0.639886,443.238   ,288.394   ,  0.724273,566.649   ,243.425   ,  0.608421,623.502   ,163.021   ,  0.812254
4.533333333333333, 136, 435.472   ,288.56    ,  0.654468,445.139   ,288.409   ,  0.734475,558.88    ,249.301   ,  0.622821,621.529   ,163.059   ,  0.841118
4.566666666666666, 137, 0.,0.,0.,0.,0.,0.,0.,0.,0.,0.,0.,0.
4.6, 138, 443.252   ,288.502   ,  0.612275,441.306   ,288.45    ,  0.706015,551.045   ,257.119   ,  0.76447 ,613.707   ,165.052   ,  0.827199
4.633333333333334, 139, 0.,0.,0.,0.,0.,0.,0.,0.,0.,0.,0.,0.
4.666666666666667, 140, 441.3     ,288.532   ,  0.650128,447.132   ,288.473   ,  0.747073,541.222   ,261.034   ,  0.815241,594.124   ,176.853   ,  0.810543
4.7, 141, 441.331   ,288.517   ,  0.646551,447.169   ,288.466   ,  0.742565,539.192   ,261.113   ,  0.73487 ,586.228   ,180.746   ,  0.866475
4.733333333333333, 142, 0.,0.,0.,0.,0.,0.,0.,0.,0.,0.,0.,0.
4.766666666666667, 143, 447.146   ,290.407   ,  0.642161,445.227   ,292.38    ,  0.668994,507.859   ,284.543   ,  0.660024,562.794   ,198.373   ,  0.7923  
4.8, 144, 447.121   ,288.512   ,  0.644301,441.293   ,286.516   ,  0.651341,480.475   ,304.093   ,  0.669759,552.931   ,212.158   ,  0.843377
4.833333333333333, 145, 0.,0.,0.,0.,0.,0.,0.,0.,0.,0.,0.,0.
4.866666666666666, 146, 445.195   ,288.537   ,  0.606165,445.23    ,282.597   ,  0.717357,462.851   ,325.706   ,  0.742683,537.312   ,243.488   ,  0.813597
4.9, 147, 454.986   ,288.47    ,  0.521952,447.166   ,274.862   ,  0.735616,443.278   ,339.402   ,  0.730057,525.561   ,270.88    ,  0.836108
4.933333333333334, 148, 458.923   ,286.487   ,  0.668394,445.191   ,280.643   ,  0.727225,429.508   ,360.974   ,  0.699495,515.731   ,300.207   ,  0.73601 
4.966666666666667, 149, 456.958   ,286.551   ,  0.669818,443.236   ,286.493   ,  0.733528,417.806   ,370.743   ,  0.756018,511.887   ,325.746   ,  0.761564
5.0, 150, 458.914   ,288.454   ,  0.713628,445.231   ,288.405   ,  0.782922,400.233   ,380.598   ,  0.788913,515.728   ,355.141   ,  0.655481
5.033333333333333, 151, 460.816   ,290.384   ,  0.752118,447.145   ,290.411   ,  0.807369,394.251   ,386.472   ,  0.788084,502.035   ,384.577   ,  0.713556
5.066666666666666, 152, 460.832   ,290.404   ,  0.756171,447.117   ,290.4     ,  0.807329,396.235   ,394.24    ,  0.783197,478.555   ,423.644   ,  0.780907
5.1, 153, 460.858   ,290.494   ,  0.757479,445.258   ,290.453   ,  0.79593 ,396.278   ,398.121   ,  0.794771,472.648   ,462.821   ,  0.723067
5.133333333333334, 154, 460.834   ,292.399   ,  0.736288,445.184   ,292.392   ,  0.764362,400.124   ,400.159   ,  0.81607 ,458.939   ,492.251   ,  0.761141
5.166666666666667, 155, 460.847   ,294.37    ,  0.721225,443.268   ,292.432   ,  0.745785,404.092   ,411.91    ,  0.740352,439.358   ,521.559   ,  0.787862
5.2, 156, 460.809   ,298.275   ,  0.719922,441.31    ,296.332   ,  0.723131,413.836   ,419.748   ,  0.737292,427.529   ,537.305   ,  0.81094 
5.233333333333333, 157, 460.827   ,300.203   ,  0.7308  ,441.315   ,298.255   ,  0.718879,413.846   ,429.53    ,  0.759183,415.824   ,539.164   ,  0.852608
5.266666666666667, 158, 460.801   ,298.311   ,  0.725284,439.358   ,298.299   ,  0.717436,411.88    ,429.569   ,  0.748996,415.755   ,537.322   ,  0.853615
5.3, 159, 460.83    ,300.208   ,  0.736608,439.366   ,298.263   ,  0.716324,404.133   ,429.516   ,  0.727483,415.782   ,537.282   ,  0.847688
5.333333333333333, 160, 460.81    ,298.305   ,  0.736042,437.418   ,298.275   ,  0.713793,402.091   ,429.54    ,  0.786613,415.906   ,537.29    ,  0.843605
5.366666666666666, 161, 460.818   ,298.318   ,  0.741188,435.469   ,296.347   ,  0.709121,400.236   ,429.613   ,  0.799681,419.767   ,539.182   ,  0.831694
5.4, 162, 460.814   ,300.228   ,  0.746183,435.399   ,300.216   ,  0.723097,400.264   ,429.584   ,  0.795889,427.539   ,539.25    ,  0.85445 
5.433333333333334, 163, 460.821   ,298.282   ,  0.75173 ,433.532   ,298.301   ,  0.728417,402.179   ,429.589   ,  0.768577,429.579   ,539.286   ,  0.885262
5.466666666666667, 164, 460.801   ,298.275   ,  0.750195,433.503   ,298.297   ,  0.73    ,404.068   ,429.593   ,  0.770516,431.499   ,539.28    ,  0.878362
5.5, 165, 458.964   ,298.295   ,  0.747276,433.481   ,300.225   ,  0.735583,404.117   ,431.526   ,  0.771294,433.429   ,539.272   ,  0.863343
5.533333333333333, 166, 458.946   ,298.3     ,  0.747499,433.451   ,300.236   ,  0.737912,404.085   ,431.519   ,  0.77994 ,433.542   ,539.258   ,  0.844229
5.566666666666666, 167, 458.897   ,300.217   ,  0.742309,431.557   ,300.276   ,  0.747328,402.199   ,433.457   ,  0.773207,435.411   ,539.3     ,  0.840568
5.6, 168, 458.875   ,300.237   ,  0.743282,431.503   ,302.197   ,  0.762766,402.141   ,433.483   ,  0.779978,433.524   ,539.337   ,  0.844298
5.633333333333334, 169, 456.964   ,300.224   ,  0.737004,431.439   ,302.177   ,  0.761265,400.254   ,433.434   ,  0.793813,431.564   ,541.166   ,  0.874005
5.666666666666667, 170, 455.03    ,300.244   ,  0.741286,429.502   ,302.181   ,  0.758181,400.084   ,433.489   ,  0.792016,431.473   ,541.264   ,  0.874205
5.7, 171, 455.002   ,302.141   ,  0.74825 ,427.553   ,304.081   ,  0.747932,398.104   ,431.578   ,  0.796787,429.477   ,543.144   ,  0.850481
5.733333333333333, 172, 453.074   ,302.14    ,  0.756921,421.714   ,304.123   ,  0.742809,394.235   ,431.503   ,  0.784189,421.714   ,541.264   ,  0.822225
5.766666666666667, 173, 453.066   ,300.232   ,  0.766888,417.802   ,304.112   ,  0.760046,386.464   ,429.528   ,  0.810714,415.78    ,541.192   ,  0.880638
5.8, 174, 451.133   ,300.268   ,  0.786603,413.902   ,304.15    ,  0.782911,384.46    ,427.612   ,  0.814563,411.846   ,539.299   ,  0.835097
5.833333333333333, 175, 454.986   ,300.275   ,  0.794324,411.932   ,304.075   ,  0.763333,382.425   ,425.631   ,  0.785199,400.202   ,537.265   ,  0.851231
5.866666666666666, 176, 453.089   ,302.146   ,  0.803356,407.993   ,302.233   ,  0.742171,372.738   ,423.637   ,  0.762986,396.174   ,535.294   ,  0.794745
5.9, 177, 455.048   ,302.144   ,  0.802757,404.12    ,302.214   ,  0.744767,368.855   ,417.851   ,  0.805804,384.552   ,527.55    ,  0.824716
5.933333333333334, 178, 456.958   ,302.135   ,  0.806747,402.15    ,302.193   ,  0.760515,366.939   ,415.847   ,  0.834603,380.512   ,525.544   ,  0.856185
5.966666666666667, 179, 458.88    ,302.144   ,  0.817904,400.231   ,302.157   ,  0.762065,366.867   ,413.873   ,  0.820623,368.913   ,523.636   ,  0.88397 
6.0, 180, 460.796   ,300.272   ,  0.84594 ,400.216   ,300.213   ,  0.759145,364.856   ,413.886   ,  0.792476,366.757   ,523.514   ,  0.858855
6.033333333333333, 181, 460.918   ,302.212   ,  0.890343,400.201   ,300.239   ,  0.768905,360.996   ,413.848   ,  0.781521,355.163   ,517.692   ,  0.805096
6.066666666666666, 182, 462.835   ,304.111   ,  0.906638,400.237   ,300.25    ,  0.766782,360.982   ,411.885   ,  0.767345,351.269   ,507.987   ,  0.91969 
6.1, 183, 462.9     ,304.174   ,  0.905783,400.234   ,298.3     ,  0.769031,362.929   ,402.182   ,  0.764584,347.3     ,505.979   ,  0.844782
6.133333333333334, 184, 464.789   ,304.206   ,  0.898923,400.188   ,296.326   ,  0.779737,362.915   ,400.182   ,  0.798665,341.389   ,496.198   ,  0.830079
6.166666666666667, 185, 464.818   ,304.214   ,  0.893862,400.168   ,294.388   ,  0.793803,360.972   ,398.264   ,  0.803751,337.517   ,494.177   ,  0.908858
6.2, 186, 462.918   ,304.208   ,  0.912555,398.271   ,294.355   ,  0.800534,357.075   ,398.251   ,  0.806051,335.57    ,492.255   ,  0.931468
6.233333333333333, 187, 462.841   ,304.192   ,  0.91497 ,398.201   ,294.374   ,  0.797019,355.134   ,398.254   ,  0.826032,333.512   ,492.219   ,  0.889318
6.266666666666667, 188, 460.959   ,304.171   ,  0.911498,396.262   ,294.343   ,  0.784696,355.082   ,398.191   ,  0.834109,323.836   ,490.228   ,  0.837775
6.3, 189, 458.956   ,304.119   ,  0.883659,392.332   ,294.37    ,  0.766408,355.087   ,398.185   ,  0.832967,321.913   ,488.283   ,  0.856257
6.333333333333333, 190, 0.,0.,0.,0.,0.,0.,0.,0.,0.,0.,0.,0.
6.366666666666666, 191, 0.,0.,0.,0.,0.,0.,0.,0.,0.,0.,0.,0.
6.4, 192, 0.,0.,0.,0.,0.,0.,0.,0.,0.,0.,0.,0.
6.433333333333334, 193, 0.,0.,0.,0.,0.,0.,0.,0.,0.,0.,0.,0.
6.466666666666667, 194, 0.,0.,0.,0.,0.,0.,0.,0.,0.,0.,0.,0.
6.5, 195, 0.,0.,0.,0.,0.,0.,0.,0.,0.,0.,0.,0.
6.533333333333333, 196, 0.,0.,0.,0.,0.,0.,0.,0.,0.,0.,0.,0.
6.566666666666666, 197, 0.,0.,0.,0.,0.,0.,0.,0.,0.,0.,0.,0.
6.6, 198, 0.,0.,0.,0.,0.,0.,0.,0.,0.,0.,0.,0.
6.633333333333334, 199, 0.,0.,0.,0.,0.,0.,0.,0.,0.,0.,0.,0.
6.666666666666667, 200, 0.,0.,0.,0.,0.,0.,0.,0.,0.,0.,0.,0.
6.7, 201, 0.,0.,0.,0.,0.,0.,0.,0.,0.,0.,0.,0.
6.733333333333333, 202, 0.,0.,0.,0.,0.,0.,0.,0.,0.,0.,0.,0.
6.766666666666667, 203, 0.,0.,0.,0.,0.,0.,0.,0.,0.,0.,0.,0.
6.8, 204, 0.,0.,0.,0.,0.,0.,0.,0.,0.,0.,0.,0.
6.833333333333333, 205, 0.,0.,0.,0.,0.,0.,0.,0.,0.,0.,0.,0.
6.866666666666666, 206, 0.,0.,0.,0.,0.,0.,0.,0.,0.,0.,0.,0.
6.9, 207, 0.,0.,0.,0.,0.,0.,0.,0.,0.,0.,0.,0.
6.933333333333334, 208, 0.,0.,0.,0.,0.,0.,0.,0.,0.,0.,0.,0.
6.966666666666667, 209, 0.,0.,0.,0.,0.,0.,0.,0.,0.,0.,0.,0.
7.0, 210, 0.,0.,0.,0.,0.,0.,0.,0.,0.,0.,0.,0.
7.033333333333333, 211, 0.,0.,0.,0.,0.,0.,0.,0.,0.,0.,0.,0.
7.066666666666666, 212, 0.,0.,0.,0.,0.,0.,0.,0.,0.,0.,0.,0.
7.1, 213, 0.,0.,0.,0.,0.,0.,0.,0.,0.,0.,0.,0.
7.133333333333334, 214, 0.,0.,0.,0.,0.,0.,0.,0.,0.,0.,0.,0.
7.166666666666667, 215, 0.,0.,0.,0.,0.,0.,0.,0.,0.,0.,0.,0.
7.2, 216, 0.,0.,0.,0.,0.,0.,0.,0.,0.,0.,0.,0.
7.233333333333333, 217, 0.,0.,0.,0.,0.,0.,0.,0.,0.,0.,0.,0.
7.266666666666667, 218, 0.,0.,0.,0.,0.,0.,0.,0.,0.,0.,0.,0.
7.3, 219, 0.,0.,0.,0.,0.,0.,0.,0.,0.,0.,0.,0.
7.333333333333333, 220, 0.,0.,0.,0.,0.,0.,0.,0.,0.,0.,0.,0.
7.366666666666666, 221, 0.,0.,0.,0.,0.,0.,0.,0.,0.,0.,0.,0.
7.4, 222, 0.,0.,0.,0.,0.,0.,0.,0.,0.,0.,0.,0.
7.433333333333334, 223, 0.,0.,0.,0.,0.,0.,0.,0.,0.,0.,0.,0.
7.466666666666667, 224, 0.,0.,0.,0.,0.,0.,0.,0.,0.,0.,0.,0.
7.5, 225, 0.,0.,0.,0.,0.,0.,0.,0.,0.,0.,0.,0.
7.533333333333333, 226,   7.83091  ,453.807    ,  0.0945338,  0.       ,  0.       ,  0.       ,  0.       ,  0.       ,  0.       ,  0.       ,  0.       ,  0.       
7.566666666666666, 227,   7.80239 ,456.732   ,  0.418221,  0.      ,  0.      ,  0.      ,  0.      ,  0.      ,  0.      ,  0.      ,  0.      ,  0.      
7.6, 228,   7.79325 ,459.568   ,  0.636181,  0.      ,  0.      ,  0.      ,  0.      ,  0.      ,  0.      ,  0.      ,  0.      ,  0.      
7.633333333333334, 229,   7.76256 ,459.753   ,  0.829728,  0.      ,  0.      ,  0.      ,  0.      ,  0.      ,  0.      ,  0.      ,  0.      ,  0.      
7.666666666666667, 230,  29.869   ,462.613   ,  0.773381,  7.84903 ,456.81    ,  0.052897,  0.      ,  0.      ,  0.      ,  0.      ,  0.      ,  0.      
7.7, 231,  38.7567  ,471.369   ,  0.779705,  7.82245 ,459.627   ,  0.162203,  0.      ,  0.      ,  0.      ,  0.      ,  0.      ,  0.      
7.733333333333333, 232,  59.5107  ,465.576   ,  0.825564,  7.79497 ,456.649   ,  0.558587,  0.      ,  0.      ,  0.      ,  0.      ,  0.      ,  0.      
7.766666666666667, 233,  79.9998  ,471.41    ,  0.832886,  7.78015 ,459.523   ,  0.762312,  0.      ,  0.      ,  0.      ,  0.      ,  0.      ,  0.      
7.8, 234, 100.622   ,471.429   ,  0.809293, 29.8234  ,459.672   ,  0.737762,  7.81207 ,662.717   ,  0.332687, 32.7646  ,795.136   ,  0.803091
7.833333333333333, 235, 118.208   ,474.353   ,  0.790184, 38.7638  ,459.78    ,  0.737755,  7.79023 ,644.963   ,  0.708237, 47.5656  ,792.182   ,  0.822971
7.866666666666666, 236, 135.944   ,468.473   ,  0.789947, 62.2671  ,459.655   ,  0.761014,  6.34132 ,642.168   ,  0.818199, 62.4113  ,789.327   ,  0.833347
7.9, 237, 153.653   ,462.692   ,  0.852837, 82.8545  ,456.798   ,  0.798304, 32.9156  ,624.541   ,  0.792381, 82.8497  ,786.407   ,  0.873944
7.933333333333334, 238, 174.207   ,459.805   ,  0.882738,103.458   ,456.673   ,  0.786449, 53.4034  ,624.557   ,  0.796076,103.406   ,786.282   ,  0.867295
7.966666666666667, 239, 191.731   ,459.588   ,  0.855714,115.331   ,453.76    ,  0.739296, 65.271   ,624.474   ,  0.77941 ,118.275   ,783.359   ,  0.8009  
8.0, 240, 200.798   ,459.581   ,  0.889081,130.063   ,453.77    ,  0.764758, 82.843   ,624.421   ,  0.820764,132.974   ,783.397   ,  0.835533
8.033333333333333, 241, 221.164   ,459.551   ,  0.889327,147.629   ,453.725   ,  0.75404 ,100.521   ,621.5     ,  0.80149 ,150.499   ,774.539   ,  0.831189
8.066666666666666, 242, 227.247   ,456.776   ,  0.861322,156.458   ,450.865   ,  0.74476 ,109.407   ,621.513   ,  0.805393,162.393   ,771.695   ,  0.78751 
8.1, 243, 244.798   ,456.749   ,  0.889128,171.229   ,447.905   ,  0.731858,126.976   ,621.503   ,  0.813444,177.076   ,777.486   ,  0.848594
8.133333333333333, 244, 253.677   ,456.747   ,  0.851795,180.071   ,450.803   ,  0.734606,132.984   ,621.469   ,  0.798605,191.745   ,771.679   ,  0.80028 
8.166666666666666, 245, 268.287   ,456.756   ,  0.880332,194.726   ,453.661   ,  0.731408,150.58    ,624.385   ,  0.822339,200.724   ,777.541   ,  0.849676
8.2, 246, 274.33    ,456.766   ,  0.85569 ,203.613   ,453.692   ,  0.733772,156.596   ,624.422   ,  0.784719,218.201   ,777.512   ,  0.809731
8.233333333333333, 247, 291.737   ,459.518   ,  0.874264,218.304   ,456.558   ,  0.759982,174.118   ,624.487   ,  0.810838,224.244   ,780.463   ,  0.848619
8.266666666666667, 248, 297.72    ,459.553   ,  0.872377,227.115   ,456.669   ,  0.762098,182.946   ,624.553   ,  0.770921,238.827   ,774.617   ,  0.783621
8.3, 249, 312.445   ,459.628   ,  0.864443,241.811   ,456.735   ,  0.76662 ,197.778   ,624.533   ,  0.80805 ,247.756   ,783.364   ,  0.862632
8.333333333333334, 250, 318.418   ,459.651   ,  0.893959,250.691   ,456.78    ,  0.772688,209.489   ,627.449   ,  0.759234,265.318   ,780.475   ,  0.803809
8.366666666666667, 251, 335.97    ,459.686   ,  0.86309 ,268.257   ,456.809   ,  0.78506 ,224.194   ,630.32    ,  0.780033,274.285   ,786.264   ,  0.844653
8.4, 252, 341.954   ,462.54    ,  0.874137,280.083   ,459.683   ,  0.758033,241.781   ,633.32    ,  0.754346,291.996   ,789.174   ,  0.873039
8.433333333333334, 253, 359.604   ,462.691   ,  0.812117,294.8     ,459.704   ,  0.773327,250.774   ,642.077   ,  0.76221 ,309.56    ,789.324   ,  0.822676
8.466666666666667, 254, 365.548   ,465.541   ,  0.829564,309.57    ,462.596   ,  0.741601,271.182   ,642.107   ,  0.783856,321.428   ,792.202   ,  0.82627 
8.5, 255, 385.975   ,465.56    ,  0.81663 ,321.386   ,462.643   ,  0.734569,288.912   ,645.129   ,  0.782974,341.951   ,795.219   ,  0.823641
8.533333333333333, 256, 392.025   ,462.667   ,  0.79787 ,341.839   ,459.681   ,  0.772833,303.697   ,644.963   ,  0.749157,359.534   ,792.24    ,  0.819257
8.566666666666666, 257, 406.707   ,459.697   ,  0.803292,353.73    ,459.641   ,  0.735545,318.521   ,644.982   ,  0.779657,377.283   ,795.165   ,  0.800646
8.6, 258, 421.377   ,459.668   ,  0.777162,368.397   ,456.697   ,  0.748967,339.008   ,645.012   ,  0.778089,394.931   ,795.136   ,  0.798542
8.633333333333333, 259, 435.984   ,459.556   ,  0.820658,386.124   ,453.749   ,  0.745712,350.712   ,642.129   ,  0.750479,412.638   ,792.28    ,  0.836001
8.666666666666666, 260, 442.065   ,456.728   ,  0.772463,397.873   ,453.794   ,  0.727435,365.392   ,642.054   ,  0.775599,433.011   ,789.339   ,  0.84456 
8.7, 261, 456.724   ,456.613   ,  0.780813,415.525   ,447.879   ,  0.726187,383.077   ,636.215   ,  0.741223,447.823   ,789.335   ,  0.822347
8.733333333333333, 262, 468.522   ,453.752   ,  0.727496,433.202   ,441.982   ,  0.749501,394.965   ,633.328   ,  0.718578,459.74    ,792.222   ,  0.811771
8.766666666666667, 263, 480.259   ,450.798   ,  0.749862,447.837   ,439.083   ,  0.737719,412.504   ,636.204   ,  0.752337,477.275   ,789.325   ,  0.849232
8.8, 264, 489.087   ,450.783   ,  0.716455,459.547   ,439.065   ,  0.775984,424.322   ,639.217   ,  0.726586,486.175   ,789.399   ,  0.819354
8.833333333333334, 265, 503.735   ,453.705   ,  0.768648,471.392   ,439.14    ,  0.739268,436.033   ,636.234   ,  0.751206,500.857   ,789.302   ,  0.858495
8.866666666666667, 266, 509.699   ,450.792   ,  0.736687,483.082   ,439.093   ,  0.776115,444.923   ,639.135   ,  0.71715 ,506.868   ,789.443   ,  0.832493
8.9, 267, 527.211   ,453.645   ,  0.743783,497.844   ,439.09    ,  0.741401,456.741   ,636.272   ,  0.744034,521.465   ,789.406   ,  0.818951
8.933333333333334, 268, 530.418   ,450.861   ,  0.75773 ,503.884   ,441.942   ,  0.778594,462.696   ,639.179   ,  0.729956,527.384   ,789.426   ,  0.868757
8.966666666666667, 269, 550.806   ,453.721   ,  0.757207,518.519   ,439.107   ,  0.734348,477.303   ,639.17    ,  0.744693,536.152   ,792.305   ,  0.791158
9.0, 270, 553.958   ,453.738   ,  0.756412,527.416   ,439.152   ,  0.776489,483.339   ,642.037   ,  0.743678,547.826   ,792.301   ,  0.798574
9.033333333333333, 271, 574.278   ,456.598   ,  0.755314,539.135   ,439.127   ,  0.726282,494.957   ,642.117   ,  0.737704,550.907   ,792.25    ,  0.855574
9.066666666666666, 272, 577.297   ,453.765   ,  0.771246,550.741   ,441.968   ,  0.750699,503.682   ,642.069   ,  0.747362,559.749   ,798.081   ,  0.779094
9.1, 273, 586.239   ,456.672   ,  0.74554 ,553.865   ,447.837   ,  0.74249 ,506.885   ,642.059   ,  0.755106,571.384   ,795.156   ,  0.803384
9.133333333333333, 274, 597.862   ,456.63    ,  0.763087,559.784   ,447.831   ,  0.727637,518.506   ,642.048   ,  0.745251,574.454   ,792.259   ,  0.857644
9.166666666666666, 275, 598.095   ,453.802   ,  0.783672,574.29    ,444.942   ,  0.753211,527.363   ,642.086   ,  0.77557 ,580.382   ,795.202   ,  0.813739
9.2, 276, 609.726   ,453.802   ,  0.731252,577.345   ,450.762   ,  0.743383,533.341   ,639.145   ,  0.748016,592.071   ,792.272   ,  0.810509
9.233333333333333, 277, 621.464   ,453.674   ,  0.762747,586.165   ,442.058   ,  0.723821,544.971   ,633.309   ,  0.747348,597.963   ,789.396   ,  0.874381
9.266666666666667, 278, 624.558   ,453.693   ,  0.781201,592.055   ,441.994   ,  0.729218,550.91    ,636.204   ,  0.776558,601.081   ,789.369   ,  0.86736 
9.3, 279, 636.236   ,453.67    ,  0.742078,598.002   ,442.007   ,  0.759594,553.953   ,633.297   ,  0.778198,612.647   ,789.302   ,  0.838937
9.333333333333334, 280, 644.964   ,453.685   ,  0.789138,600.955   ,439.131   ,  0.76377 ,559.685   ,624.573   ,  0.775799,618.606   ,789.193   ,  0.884899
9.366666666666667, 281, 647.968   ,450.863   ,  0.802483,606.839   ,439.091   ,  0.749316,568.549   ,627.457   ,  0.7772  ,621.601   ,786.424   ,  0.89502 
9.4, 282, 650.961   ,450.848   ,  0.780044,615.651   ,439.066   ,  0.752209,574.439   ,630.319   ,  0.788312,627.38    ,786.473   ,  0.881064
9.433333333333334, 283, 656.801   ,450.792   ,  0.74461 ,621.594   ,439.079   ,  0.785946,577.485   ,627.476   ,  0.80138 ,633.337   ,789.171   ,  0.841876
9.466666666666667, 284, 659.788   ,447.913   ,  0.734452,624.52    ,439.003   ,  0.788681,583.236   ,624.562   ,  0.784503,644.926   ,786.454   ,  0.883661
9.5, 285, 665.631   ,450.751   ,  0.752799,627.457   ,438.996   ,  0.768372,586.256   ,624.506   ,  0.795118,647.961   ,786.426   ,  0.879232
9.533333333333333, 286, 668.531   ,447.913   ,  0.760814,633.275   ,438.989   ,  0.752225,592.145   ,621.558   ,  0.798836,656.837   ,783.409   ,  0.815128
9.566666666666666, 287, 668.665   ,447.829   ,  0.767686,639.172   ,436.248   ,  0.767391,597.87    ,615.654   ,  0.769113,668.52    ,768.706   ,  0.843261
9.6, 288, 671.498   ,444.908   ,  0.771037,639.216   ,436.221   ,  0.771278,597.901   ,606.769   ,  0.792087,674.549   ,756.878   ,  0.819928
9.633333333333333, 289, 671.654   ,442.022   ,  0.781095,642.067   ,436.078   ,  0.787494,598.003   ,597.965   ,  0.818899,692.014   ,739.268   ,  0.888732
9.666666666666666, 290, 671.658   ,441.976   ,  0.771628,642.062   ,436.015   ,  0.784601,598.069   ,580.375   ,  0.797097,703.933   ,712.758   ,  0.808929
9.7, 291, 671.663   ,441.982   ,  0.780434,636.225   ,433.169   ,  0.770155,598.073   ,559.762   ,  0.782645,718.686   ,680.402   ,  0.818127
9.733333333333333, 292, 674.46    ,439.13    ,  0.763937,633.308   ,430.105   ,  0.731939,598.004   ,536.235   ,  0.804555,724.502   ,645.055   ,  0.808251
9.766666666666667, 293, 674.476   ,439.09    ,  0.787394,630.384   ,427.316   ,  0.7408  ,597.833   ,518.534   ,  0.755653,727.529   ,597.883   ,  0.77407 
9.8, 294, 671.693   ,436.247   ,  0.819915,627.51    ,427.267   ,  0.744228,594.969   ,503.845   ,  0.734112,756.951   ,550.811   ,  0.807758
9.833333333333334, 295, 671.566   ,436.208   ,  0.850926,624.457   ,427.222   ,  0.763574,580.343   ,489.142   ,  0.773014,762.743   ,503.865   ,  0.7909  
9.866666666666667, 296, 671.556   ,439.037   ,  0.839303,621.478   ,430.208   ,  0.756776,580.401   ,486.15    ,  0.754427,753.97    ,459.74    ,  0.76544 
9.9, 297, 671.689   ,439.158   ,  0.783646,618.547   ,433.041   ,  0.748048,597.995   ,483.173   ,  0.763358,745.139   ,424.321   ,  0.7683  
9.933333333333334, 298, 671.505   ,439.158   ,  0.827856,618.601   ,433.195   ,  0.787139,615.61    ,486.164   ,  0.736393,739.342   ,388.897   ,  0.858643
9.966666666666667, 299, 668.65    ,442.011   ,  0.827664,618.6     ,436.109   ,  0.790176,642.071   ,500.832   ,  0.761494,721.644   ,365.411   ,  0.838346
10.0, 300, 674.555   ,453.759   ,  0.787982,624.405   ,436.108   ,  0.761081,662.706   ,480.249   ,  0.618391,721.58    ,338.991   ,  0.779196
10.033333333333333, 301, 671.523   ,456.635   ,  0.763326,624.57    ,436.227   ,  0.7352  ,706.872   ,459.638   ,  0.666088,721.678   ,312.494   ,  0.696493
10.066666666666666, 302, 665.657   ,439.082   ,  0.700483,627.433   ,439.049   ,  0.714901,739.138   ,474.351   ,  0.701367,733.309   ,333.047   ,  0.654434
10.1, 303, 668.615   ,439.045   ,  0.765173,633.281   ,439.062   ,  0.720944,762.824   ,468.439   ,  0.749936,745.162   ,324.291   ,  0.691638
10.133333333333333, 304, 668.621   ,439.069   ,  0.719012,639.217   ,436.222   ,  0.706735,789.27    ,450.795   ,  0.750736,786.414   ,288.982   ,  0.67351 
10.166666666666666, 305, 662.681   ,439.047   ,  0.633479,644.979   ,436.158   ,  0.715631,809.762   ,433.062   ,  0.831469,836.409   ,283.084   ,  0.609557
10.2, 306, 665.672   ,436.1     ,  0.655326,645.055   ,436.025   ,  0.736402,815.864   ,403.686   ,  0.675221,892.318   ,253.602   ,  0.675889
10.233333333333333, 307, 662.768   ,435.996   ,  0.631671,647.94    ,433.167   ,  0.708139,833.392   ,371.365   ,  0.707438,927.602   ,244.707   ,  0.833748
10.266666666666667, 308, 648.116   ,433.222   ,  0.608421,650.955   ,433.103   ,  0.685055,857.072   ,350.788   ,  0.645336,936.504   ,247.615   ,  0.829978
10.3, 309, 653.947   ,433.199   ,  0.591182,653.868   ,433.095   ,  0.695791,854.091   ,362.561   ,  0.634633,936.504   ,247.622   ,  0.81767 
10.333333333333334, 310, 662.741   ,433.237   ,  0.615321,650.914   ,433.238   ,  0.725077,853.94    ,368.43    ,  0.65908 ,933.527   ,247.656   ,  0.83103 
10.366666666666667, 311, 653.92    ,433.229   ,  0.605885,665.615   ,433.097   ,  0.708493,857.021   ,365.448   ,  0.665416,936.449   ,247.675   ,  0.810584
10.4, 312, 0.,0.,0.,0.,0.,0.,0.,0.,0.,0.,0.,0.
10.433333333333334, 313, 656.815   ,433.2     ,  0.608268,662.723   ,433.036   ,  0.699776,856.97    ,368.371   ,  0.70476 ,948.264   ,247.616   ,  0.849108
10.466666666666667, 314, 650.968   ,433.209   ,  0.646713,665.698   ,433.03    ,  0.720343,856.969   ,368.405   ,  0.684964,951.017   ,244.91    ,  0.846535
10.5, 315, 653.912   ,436.038   ,  0.616786,665.613   ,433.077   ,  0.706196,856.94    ,368.46    ,  0.688441,951.005   ,247.641   ,  0.845508
10.533333333333333, 316, 653.868   ,436.078   ,  0.631766,665.674   ,433.09    ,  0.722515,856.98    ,368.41    ,  0.67946 ,948.26    ,247.634   ,  0.846128
10.566666666666666, 317, 656.878   ,436.004   ,  0.615345,665.688   ,433.03    ,  0.716109,856.964   ,368.417   ,  0.682206,948.276   ,247.639   ,  0.847487
10.6, 318, 656.836   ,433.213   ,  0.626443,668.504   ,430.258   ,  0.72041 ,857.055   ,365.582   ,  0.680695,951.003   ,247.623   ,  0.850132
10.633333333333333, 319, 656.831   ,433.166   ,  0.619247,665.687   ,430.241   ,  0.721297,857.067   ,365.554   ,  0.698182,948.241   ,244.896   ,  0.849042
10.666666666666666, 320, 653.947   ,433.232   ,  0.640804,668.517   ,433.017   ,  0.737149,856.927   ,368.381   ,  0.692143,948.168   ,244.885   ,  0.834708
10.7, 321, 651.065   ,433.214   ,  0.668923,668.603   ,430.215   ,  0.739697,854.083   ,368.454   ,  0.72076 ,948.176   ,244.786   ,  0.836631
10.733333333333333, 322, 653.901   ,433.205   ,  0.640223,668.54    ,430.232   ,  0.72894 ,854.041   ,368.42    ,  0.738792,945.309   ,244.744   ,  0.821888
10.766666666666667, 323, 656.832   ,433.254   ,  0.615419,665.724   ,433.048   ,  0.731364,856.868   ,365.558   ,  0.754849,942.391   ,244.801   ,  0.816868
10.8, 324, 656.837   ,433.26    ,  0.629402,668.569   ,433.063   ,  0.740632,856.922   ,365.39    ,  0.724879,942.39    ,244.725   ,  0.815948
10.833333333333334, 325, 656.899   ,433.258   ,  0.631811,668.549   ,433.068   ,  0.729196,856.986   ,362.487   ,  0.697523,942.357   ,244.635   ,  0.806608
10.866666666666667, 326, 659.8     ,436.02    ,  0.624991,668.547   ,433.051   ,  0.729605,854.073   ,365.429   ,  0.715779,939.392   ,244.724   ,  0.813466
10.9, 327, 659.787   ,433.258   ,  0.62928 ,668.517   ,433.016   ,  0.724941,856.911   ,362.585   ,  0.695817,939.402   ,244.665   ,  0.811485
10.933333333333334, 328, 662.683   ,433.237   ,  0.638311,668.518   ,433.03    ,  0.715915,856.959   ,362.489   ,  0.633543,939.408   ,244.647   ,  0.816152
10.966666666666667, 329, 662.751   ,433.249   ,  0.625664,665.698   ,433.096   ,  0.71282 ,857.031   ,359.61    ,  0.617116,939.408   ,244.714   ,  0.814297
11.0, 330, 659.789   ,433.258   ,  0.629598,668.52    ,433.041   ,  0.722577,854.05    ,362.501   ,  0.569748,936.497   ,244.725   ,  0.821765
11.033333333333333, 331, 662.695   ,433.23    ,  0.637567,668.518   ,433.101   ,  0.733695,851.07    ,365.418   ,  0.582609,933.513   ,244.75    ,  0.850701
11.066666666666666, 332, 665.642   ,433.177   ,  0.622221,662.755   ,433.051   ,  0.721142,833.458   ,383.066   ,  0.71212 ,927.708   ,244.873   ,  0.877353
11.1, 333, 0.,0.,0.,0.,0.,0.,0.,0.,0.,0.,0.,0.
11.133333333333333, 334, 665.68    ,433.15    ,  0.62465 ,668.656   ,433.098   ,  0.747353,815.885   ,389.09    ,  0.772989,906.996   ,256.564   ,  0.828465
11.166666666666666, 335, 0.,0.,0.,0.,0.,0.,0.,0.,0.,0.,0.,0.
11.2, 336, 668.515   ,436.01    ,  0.638467,671.517   ,433.212   ,  0.730953,806.928   ,391.97    ,  0.726761,880.556   ,271.271   ,  0.883139
11.233333333333333, 337, 0.,0.,0.,0.,0.,0.,0.,0.,0.,0.,0.,0.
11.266666666666667, 338, 671.561   ,436.15    ,  0.650151,671.513   ,439.067   ,  0.661887,765.755   ,418.458   ,  0.63512 ,845.239   ,297.777   ,  0.789134
11.3, 339, 671.459   ,436.037   ,  0.637103,662.755   ,430.229   ,  0.66068 ,718.616   ,456.717   ,  0.676043,830.474   ,318.461   ,  0.850912
11.333333333333334, 340, 665.715   ,436.032   ,  0.646572,668.593   ,427.305   ,  0.709259,718.68    ,459.725   ,  0.681719,812.876   ,341.849   ,  0.883148
11.366666666666667, 341, 671.477   ,436.036   ,  0.617369,668.594   ,427.234   ,  0.723177,698.024   ,489.049   ,  0.730596,806.924   ,365.608   ,  0.806569
11.4, 342, 683.35    ,433.194   ,  0.561473,671.449   ,418.489   ,  0.705457,668.488   ,512.64    ,  0.702376,789.319   ,406.693   ,  0.844474
11.433333333333334, 343, 689.224   ,430.213   ,  0.656863,668.646   ,424.325   ,  0.73773 ,645.131   ,542.044   ,  0.685924,777.479   ,447.909   ,  0.743978
11.466666666666667, 344, 689.22    ,433.013   ,  0.679929,668.547   ,430.167   ,  0.756877,627.389   ,556.732   ,  0.758907,771.609   ,486.179   ,  0.780999
11.5, 345, 689.146   ,433.117   ,  0.69968 ,668.66    ,433.111   ,  0.801377,606.831   ,571.507   ,  0.757649,783.338   ,533.294   ,  0.672473
11.533333333333333, 346, 692.099   ,436.05    ,  0.76123 ,671.504   ,436.061   ,  0.808017,595.055   ,580.318   ,  0.814618,759.832   ,577.448   ,  0.761383
11.566666666666666, 347, 692.129   ,436.054   ,  0.763481,671.503   ,436.035   ,  0.810901,595.003   ,592.037   ,  0.785125,718.734   ,633.286   ,  0.776026
11.6, 348, 692.186   ,436.218   ,  0.751267,671.478   ,436.078   ,  0.802138,597.933   ,597.853   ,  0.795658,712.709   ,695.074   ,  0.683349
11.633333333333333, 349, 692.108   ,439.062   ,  0.741784,668.581   ,439.038   ,  0.771557,600.949   ,600.985   ,  0.811556,689.234   ,736.347   ,  0.783448
11.666666666666666, 350, 692.172   ,441.997   ,  0.746671,665.71    ,439.063   ,  0.764403,609.761   ,618.503   ,  0.738283,662.692   ,780.446   ,  0.790694
11.7, 351, 692.076   ,447.837   ,  0.734538,662.767   ,444.89    ,  0.730093,621.52    ,630.361   ,  0.755815,642.074   ,806.861   ,  0.809902
11.733333333333333, 352, 692.082   ,447.893   ,  0.737083,662.746   ,444.969   ,  0.725425,621.515   ,642.16    ,  0.762651,624.547   ,806.973   ,  0.84978 
11.766666666666667, 353, 692.065   ,450.746   ,  0.736624,662.679   ,447.919   ,  0.726583,618.605   ,642.175   ,  0.744586,624.391   ,806.864   ,  0.844396
11.8, 354, 692.106   ,447.823   ,  0.733972,662.748   ,444.974   ,  0.721461,612.674   ,645.018   ,  0.714165,624.486   ,806.966   ,  0.85846 
11.833333333333334, 355, 692.106   ,450.744   ,  0.750416,659.773   ,447.83    ,  0.719716,603.881   ,644.983   ,  0.76889 ,624.62    ,806.896   ,  0.838906
11.866666666666667, 356, 692.057   ,447.874   ,  0.748268,656.821   ,444.894   ,  0.715865,601.068   ,645.12    ,  0.788183,633.344   ,809.767   ,  0.8324  
11.9, 357, 692.064   ,447.921   ,  0.760918,653.892   ,447.861   ,  0.726006,603.845   ,645.077   ,  0.786834,642.146   ,809.87    ,  0.873464
11.933333333333334, 358, 692.03    ,447.907   ,  0.757175,651.044   ,447.893   ,  0.729974,603.966   ,645.125   ,  0.776802,645.146   ,809.887   ,  0.895203
11.966666666666667, 359, 692.041   ,447.902   ,  0.756687,650.984   ,450.776   ,  0.734938,609.728   ,647.965   ,  0.768727,648.05    ,809.874   ,  0.882652
12.0, 360, 689.254   ,447.916   ,  0.759435,650.935   ,450.854   ,  0.746407,609.758   ,648.028   ,  0.774436,651.008   ,809.829   ,  0.856141
12.033333333333333, 361, 689.215   ,447.921   ,  0.753868,648.153   ,453.728   ,  0.749879,609.784   ,648.027   ,  0.759709,653.971   ,809.906   ,  0.835864
12.066666666666666, 362, 689.231   ,450.798   ,  0.762008,648.117   ,453.721   ,  0.753743,606.88    ,648.02    ,  0.766405,656.842   ,809.99    ,  0.828483
12.1, 363, 689.163   ,450.78    ,  0.756329,648.035   ,453.765   ,  0.772906,603.904   ,650.969   ,  0.782407,653.891   ,809.98    ,  0.844682
12.133333333333333, 364, 689.146   ,450.777   ,  0.754603,647.969   ,453.69    ,  0.757858,601.074   ,650.91    ,  0.800452,650.925   ,812.724   ,  0.87111 
12.166666666666666, 365, 686.292   ,450.797   ,  0.755839,645.084   ,453.771   ,  0.765546,600.898   ,650.924   ,  0.802918,647.979   ,812.801   ,  0.892745
12.2, 366, 686.245   ,453.659   ,  0.756261,642.156   ,456.605   ,  0.750303,597.929   ,648.135   ,  0.801022,644.995   ,812.931   ,  0.865162
12.233333333333333, 367, 686.223   ,450.862   ,  0.766475,636.252   ,456.568   ,  0.738374,594.941   ,647.947   ,  0.802543,636.191   ,812.875   ,  0.818179
12.266666666666667, 368, 683.319   ,453.646   ,  0.769513,627.473   ,456.632   ,  0.754166,580.432   ,645.02    ,  0.795563,624.458   ,810.009   ,  0.889553
12.3, 369, 680.384   ,450.857   ,  0.784879,621.624   ,456.68    ,  0.77973 ,577.365   ,644.947   ,  0.833163,618.605   ,809.899   ,  0.854229
12.333333333333334, 370, 683.335   ,453.724   ,  0.802398,621.427   ,456.618   ,  0.771019,574.341   ,639.174   ,  0.803201,601.008   ,806.881   ,  0.852148
12.366666666666667, 371, 683.371   ,453.658   ,  0.799846,618.489   ,453.773   ,  0.745647,562.66    ,636.19    ,  0.756551,594.969   ,801.028   ,  0.799769
12.4, 372, 686.272   ,453.643   ,  0.806384,609.796   ,453.75    ,  0.738655,553.931   ,627.365   ,  0.808828,580.293   ,792.256   ,  0.828704
12.433333333333334, 373, 686.307   ,453.649   ,  0.809107,606.778   ,453.725   ,  0.745821,553.746   ,624.572   ,  0.827219,571.479   ,789.221   ,  0.876028
12.466666666666667, 374, 689.215   ,450.865   ,  0.828967,603.882   ,453.668   ,  0.758015,550.952   ,621.584   ,  0.832898,556.736   ,786.399   ,  0.886991
12.5, 375, 692.103   ,453.69    ,  0.872504,601.072   ,450.851   ,  0.76728 ,547.983   ,621.457   ,  0.797423,550.843   ,783.406   ,  0.867626
12.533333333333333, 376, 692.23    ,453.786   ,  0.89573 ,601.026   ,450.855   ,  0.771765,544.993   ,621.587   ,  0.788667,536.199   ,774.633   ,  0.79665 
12.566666666666666, 377, 695.177   ,456.649   ,  0.899862,603.873   ,450.82    ,  0.763445,544.968   ,618.592   ,  0.772599,530.193   ,765.645   ,  0.914302
12.6, 378, 695.273   ,456.736   ,  0.89465 ,603.891   ,450.788   ,  0.764844,545.032   ,609.728   ,  0.752011,524.351   ,759.884   ,  0.856597
12.633333333333333, 379, 698.075   ,456.788   ,  0.894254,601.037   ,447.827   ,  0.775044,545.018   ,601.056   ,  0.785349,512.7     ,745.169   ,  0.828165
12.666666666666666, 380, 698.109   ,456.797   ,  0.888634,600.99    ,442.038   ,  0.784998,542.075   ,600.908   ,  0.806805,506.841   ,739.368   ,  0.911149
12.7, 381, 695.269   ,456.787   ,  0.90408 ,600.839   ,441.991   ,  0.798635,536.238   ,598.078   ,  0.810426,503.91    ,739.195   ,  0.934119
12.733333333333333, 382, 695.137   ,456.787   ,  0.914058,598.036   ,442.029   ,  0.798973,536.153   ,597.993   ,  0.81615 ,500.828   ,739.126   ,  0.887696
12.766666666666667, 383, 695.006   ,456.731   ,  0.917556,597.9     ,439.149   ,  0.799848,533.297   ,597.974   ,  0.827222,489.069   ,736.253   ,  0.845102
12.8, 384, 692.068   ,456.652   ,  0.8978  ,592.099   ,441.987   ,  0.774314,533.255   ,597.942   ,  0.832137,486.118   ,733.292   ,  0.855399
12.833333333333334, 385, 686.246   ,456.667   ,  0.857347,583.299   ,444.954   ,  0.765853,530.448   ,600.898   ,  0.844742,483.14    ,730.381   ,  0.879328
12.866666666666667, 386, 680.338   ,456.655   ,  0.854432,580.319   ,444.936   ,  0.794941,533.172   ,600.812   ,  0.8366  ,480.273   ,730.425   ,  0.886293
12.9, 387, 671.62    ,456.613   ,  0.891016,577.36    ,444.967   ,  0.816014,530.386   ,600.934   ,  0.854315,480.106   ,730.454   ,  0.870543
12.933333333333334, 388, 668.584   ,456.613   ,  0.898501,574.419   ,450.762   ,  0.814732,530.371   ,601.044   ,  0.857332,477.247   ,730.433   ,  0.857443
12.966666666666667, 389, 659.802   ,456.615   ,  0.832447,571.387   ,450.797   ,  0.786681,530.328   ,603.848   ,  0.864039,471.42    ,730.471   ,  0.83502 
13.0, 390, 650.997   ,456.621   ,  0.879493,565.563   ,450.861   ,  0.792649,530.285   ,603.949   ,  0.85192 ,465.567   ,733.394   ,  0.846979
13.033333333333333, 391, 645.166   ,456.632   ,  0.88943 ,553.978   ,453.799   ,  0.835847,530.187   ,603.872   ,  0.871004,462.692   ,733.354   ,  0.855133
13.066666666666666, 392, 636.287   ,456.604   ,  0.836609,550.975   ,453.808   ,  0.859352,527.379   ,612.688   ,  0.84909 ,462.545   ,733.406   ,  0.876966
13.1, 393, 624.617   ,456.689   ,  0.874514,547.889   ,456.667   ,  0.838178,524.386   ,618.555   ,  0.825285,459.634   ,736.246   ,  0.910135
13.133333333333333, 394, 618.535   ,456.665   ,  0.874556,533.33    ,456.699   ,  0.834227,518.479   ,618.632   ,  0.802777,459.515   ,736.323   ,  0.918637
13.166666666666666, 395, 603.892   ,456.801   ,  0.861522,527.435   ,459.527   ,  0.863806,509.688   ,621.442   ,  0.845   ,456.662   ,739.102   ,  0.925331
13.2, 396, 594.929   ,456.821   ,  0.858758,515.573   ,459.66    ,  0.809722,506.677   ,618.625   ,  0.839788,453.814   ,739.15    ,  0.898651
13.233333333333333, 397, 577.32    ,456.814   ,  0.881294,506.734   ,459.728   ,  0.858173,495.005   ,627.388   ,  0.767412,447.83    ,742.107   ,  0.876752
13.266666666666667, 398, 559.736   ,456.816   ,  0.837844,494.906   ,462.581   ,  0.794427,486.165   ,630.383   ,  0.795009,439.048   ,742.262   ,  0.902453
13.3, 399, 550.799   ,459.575   ,  0.882326,483.255   ,465.531   ,  0.808521,483.211   ,627.418   ,  0.842616,436.179   ,742.223   ,  0.898769
13.333333333333334, 400, 536.189   ,459.697   ,  0.828718,480.173   ,471.429   ,  0.80285 ,480.233   ,630.428   ,  0.829095,433.196   ,742.269   ,  0.902111
13.366666666666667, 401, 530.162   ,459.723   ,  0.863415,477.206   ,468.477   ,  0.768259,480.096   ,633.288   ,  0.794851,433.013   ,742.33    ,  0.880305
13.4, 402, 518.528   ,459.793   ,  0.791282,462.68    ,471.429   ,  0.768056,480.095   ,627.428   ,  0.767268,430.154   ,742.159   ,  0.857039
13.433333333333334, 403, 506.713   ,459.75    ,  0.823611,459.693   ,468.491   ,  0.789776,480.179   ,624.379   ,  0.72749 ,430.182   ,739.139   ,  0.834316
13.466666666666667, 404, 500.819   ,459.795   ,  0.76529 ,459.585   ,468.456   ,  0.74756 ,474.322   ,621.528   ,  0.624039,433.031   ,730.376   ,  0.779851
13.5, 405, 486.109   ,459.725   ,  0.759688,456.717   ,465.586   ,  0.691764,471.449   ,624.416   ,  0.597468,433.065   ,721.667   ,  0.798697
13.533333333333333, 406, 483.177   ,456.768   ,  0.779031,459.602   ,459.569   ,  0.663214,465.515   ,621.591   ,  0.565063,433.067   ,718.76    ,  0.767146
13.566666666666666, 407, 477.243   ,456.631   ,  0.758018,453.78    ,453.718   ,  0.682954,456.622   ,624.475   ,  0.483688,421.365   ,736.244   ,  0.706623
13.6, 408, 465.597    ,450.786    ,  0.676498 ,453.742    ,442.065    ,  0.608641 ,456.679    ,627.443    ,  0.0522517,  0.       ,  0.       ,  0.       
13.633333333333333, 409, 459.549    ,453.73     ,  0.644674 ,442.017    ,450.829    ,  0.519789 ,453.764    ,621.585    ,  0.0718828,397.859    ,662.767    ,  0.0744057
13.666666666666666, 410, 456.575   ,450.808   ,  0.574781,453.78    ,442.01    ,  0.402327,  0.      ,  0.      ,  0.      ,  0.      ,  0.      ,  0.      
13.7, 411, 444.977   ,447.886   ,  0.589877,459.709   ,439.08    ,  0.459825,  0.      ,  0.      ,  0.      ,  0.      ,  0.      ,  0.      
13.733333333333333, 412, 436.027   ,447.832   ,  0.66525 ,456.67    ,439.075   ,  0.534752,  0.      ,  0.      ,  0.      ,  0.      ,  0.      ,  0.      
13.766666666666667, 413, 427.243   ,442.036   ,  0.692773,447.908   ,436.221   ,  0.599002,  0.      ,  0.      ,  0.      ,  0.      ,  0.      ,  0.      
13.8, 414, 412.674   ,442.026   ,  0.718581,442.021   ,438.995   ,  0.588812,450.829   ,609.75    ,  0.057387,  0.      ,  0.      ,  0.      
13.833333333333334, 415, 406.663    ,444.904    ,  0.740207 ,436.185    ,439.071    ,  0.643171 ,503.717    ,621.511    ,  0.0606372,  0.       ,  0.       ,  0.       
13.866666666666667, 416, 391.943    ,447.909    ,  0.756939 ,433.152    ,444.927    ,  0.669241 ,494.933    ,612.695    ,  0.0741898,  0.       ,  0.       ,  0.       
13.9, 417, 383.067    ,450.791    ,  0.758611 ,418.477    ,444.981    ,  0.635071 ,415.487    ,615.645    ,  0.0618149,  0.       ,  0.       ,  0.       
13.933333333333334, 418, 365.49    ,453.678   ,  0.797256,409.705   ,447.859   ,  0.703786,  0.      ,  0.      ,  0.      ,  0.      ,  0.      ,  0.      
13.966666666666667, 419, 356.571    ,456.692    ,  0.804204 ,400.77     ,456.553    ,  0.696496 ,400.772    ,618.56     ,  0.0618026,  0.       ,  0.       ,  0.       
14.0, 420, 341.911    ,459.688    ,  0.82701  ,389.069    ,459.6      ,  0.727017 ,368.411    ,618.574    ,  0.0606537,  0.       ,  0.       ,  0.       
14.033333333333333, 421, 324.256   ,459.538   ,  0.804924,371.309   ,453.769   ,  0.715618,377.242   ,618.583   ,  0.05795 ,  0.      ,  0.      ,  0.      
14.066666666666666, 422, 315.472    ,459.55     ,  0.847135 ,365.414    ,456.638    ,  0.738228 ,353.701    ,612.709    ,  0.0665466,  0.       ,  0.       ,  0.       
14.1, 423, 297.844    ,456.805    ,  0.807555 ,347.759    ,453.706    ,  0.708474 ,386.004    ,642.096    ,  0.0687247,  0.       ,  0.       ,  0.       
14.133333333333333, 424, 291.949    ,456.775    ,  0.849805 ,341.94     ,453.744    ,  0.744193 ,347.79     ,603.865    ,  0.0704676,  0.       ,  0.       ,  0.       
14.166666666666666, 425, 277.199   ,456.632   ,  0.787836,330.17    ,450.818   ,  0.705158,  0.      ,  0.      ,  0.      ,  0.      ,  0.      ,  0.      
14.2, 426, 268.445    ,456.624    ,  0.823049 ,321.279    ,453.698    ,  0.711823 ,315.449    ,600.914    ,  0.0605147,  0.       ,  0.       ,  0.       
14.233333333333333, 427, 259.449    ,453.701    ,  0.770337 ,312.525    ,450.782    ,  0.746073 ,336.044    ,600.941    ,  0.0635715,  0.       ,  0.       ,  0.       
14.266666666666667, 428, 247.785    ,453.762    ,  0.81366  ,303.698    ,453.679    ,  0.727194 ,306.612    ,595.04     ,  0.0612406,  0.       ,  0.       ,  0.       
14.3, 429, 241.78     ,453.706    ,  0.79024  ,294.721    ,453.727    ,  0.750089 ,297.784    ,600.898    ,  0.0577543,  0.       ,  0.       ,  0.       
14.333333333333334, 430, 227.17     ,453.679    ,  0.790642 ,285.986    ,453.735    ,  0.730456 ,277.152    ,595.058    ,  0.0546588,  0.       ,  0.       ,  0.       
14.366666666666667, 431, 221.212    ,453.673    ,  0.811968 ,271.33     ,450.75     ,  0.740415 ,274.229    ,600.922    ,  0.0614358,  0.       ,  0.       ,  0.       
14.4, 432, 212.376   ,453.651   ,  0.773562,268.251   ,453.682   ,  0.750485,  0.      ,  0.      ,  0.      ,  0.      ,  0.      ,  0.      
14.433333333333334, 433, 200.676    ,453.746    ,  0.827352 ,259.477    ,453.744    ,  0.730832 ,233.04     ,589.174    ,  0.0625949,  0.       ,  0.       ,  0.       
14.466666666666667, 434, 194.71    ,453.719   ,  0.798307,247.687   ,453.815   ,  0.747535,238.887   ,600.95    ,  0.054417,  0.      ,  0.      ,  0.      
14.5, 435, 180.152    ,453.735    ,  0.798576 ,241.837    ,456.603    ,  0.751578 ,215.369    ,595.029    ,  0.0574453,  0.       ,  0.       ,  0.       
14.533333333333333, 436, 174.131    ,453.794    ,  0.828488 ,224.281    ,453.746    ,  0.749181 ,218.308    ,592.111    ,  0.0575701,  0.       ,  0.       ,  0.       
14.566666666666666, 437, 162.339    ,456.544    ,  0.79542  ,218.338    ,456.596    ,  0.744215 ,232.988    ,600.904    ,  0.0563017,  0.       ,  0.       ,  0.       
14.6, 438, 153.492    ,456.65     ,  0.847758 ,206.509    ,456.699    ,  0.744047 ,185.912    ,597.96     ,  0.0635191,  0.       ,  0.       ,  0.       
14.633333333333333, 439, 147.55    ,456.714   ,  0.826824,197.766   ,459.537   ,  0.754949,  0.      ,  0.      ,  0.      ,  0.      ,  0.      ,  0.      
14.666666666666666, 440, 130.137   ,456.664   ,  0.840207,185.94    ,456.738   ,  0.747912,  0.      ,  0.      ,  0.      ,  0.      ,  0.      ,  0.      
14.7, 441, 124.056   ,456.663   ,  0.829504,174.249   ,456.735   ,  0.759505,  0.      ,  0.      ,  0.      ,  0.      ,  0.      ,  0.      
14.733333333333333, 442, 109.365   ,456.616   ,  0.830451,168.26    ,456.705   ,  0.758743,  0.      ,  0.      ,  0.      ,  0.      ,  0.      ,  0.      
14.766666666666667, 443, 100.542    ,453.743    ,  0.795824 ,150.591    ,453.685    ,  0.732868 ,168.256    ,597.932    ,  0.0689965,  0.       ,  0.       ,  0.       
14.8, 444,  88.8016  ,453.811   ,  0.795083,147.575   ,456.612   ,  0.747738,  0.      ,  0.      ,  0.      ,  0.      ,  0.      ,  0.      
14.833333333333334, 445,  80.0708   ,453.739    ,  0.808281 ,132.915    ,453.77     ,  0.726335 ,124.116    ,589.13     ,  0.0558935,  0.       ,  0.       ,  0.       
14.866666666666667, 446,  71.18    ,447.92    ,  0.74639 ,126.925   ,450.807   ,  0.698119,  0.      ,  0.      ,  0.      ,  0.      ,  0.      ,  0.      
14.9, 447,  62.2681  ,447.908   ,  0.767713,112.343   ,447.86    ,  0.683928,  0.      ,  0.      ,  0.      ,  0.      ,  0.      ,  0.      
14.933333333333334, 448,  59.2945   ,450.741    ,  0.785257 ,106.546    ,450.785    ,  0.723411 , 97.6303   ,589.139    ,  0.0570058,  0.       ,  0.       ,  0.       
14.966666666666667, 449,  53.4071  ,450.749   ,  0.725259,103.564   ,453.658   ,  0.726191,  0.      ,  0.      ,  0.      ,  0.      ,  0.      ,  0.      
15.0, 450,  47.6184   ,450.827    ,  0.714722 ,103.359    ,453.668    ,  0.706867 ,109.381    ,603.879    ,  0.0558138,  0.       ,  0.       ,  0.       
15.033333333333333, 451,  38.7503   ,450.83     ,  0.74137  , 94.6703   ,453.734    ,  0.679133 , 97.6518   ,603.861    ,  0.0542365,  0.       ,  0.       ,  0.       
15.066666666666666, 452,  35.831   ,453.692   ,  0.76993 , 91.7115  ,456.586   ,  0.668172,  0.      ,  0.      ,  0.      ,  0.      ,  0.      ,  0.      
15.1, 453,  32.9425  ,453.681   ,  0.776494, 85.8527  ,456.569   ,  0.697104,  0.      ,  0.      ,  0.      ,  0.      ,  0.      ,  0.      
15.133333333333333, 454,  26.9937  ,453.714   ,  0.689761, 82.915   ,456.59    ,  0.72904 ,  0.      ,  0.      ,  0.      ,  0.      ,  0.      ,  0.      
15.166666666666666, 455,   6.34554 ,450.817   ,  0.704168, 80.0458  ,456.692   ,  0.744128,  0.      ,  0.      ,  0.      ,  0.      ,  0.      ,  0.      
15.2, 456,   7.7632  ,444.976   ,  0.679243, 79.947   ,456.723   ,  0.716771,  0.      ,  0.      ,  0.      ,  0.      ,  0.      ,  0.      
15.233333333333333, 457,   7.7712  ,444.965   ,  0.616428, 77.0498  ,456.778   ,  0.643723,  0.      ,  0.      ,  0.      ,  0.      ,  0.      ,  0.      
15.266666666666667, 458,   7.78407 ,453.689   ,  0.562215, 71.1629  ,459.626   ,  0.649727, 97.6265  ,592.119   ,  0.126632,  0.      ,  0.      ,  0.      
15.3, 459,   7.79066  ,453.727    ,  0.382873 , 68.2051   ,459.697    ,  0.473229 , 82.8598   ,589.177    ,  0.0588353,  0.       ,  0.       ,  0.       
15.333333333333334, 460,   7.79113 ,450.814   ,  0.34226 , 59.4677  ,456.769   ,  0.348943,  0.      ,  0.      ,  0.      ,  0.      ,  0.      ,  0.      
15.366666666666667, 461, 0.,0.,0.,0.,0.,0.,0.,0.,0.,0.,0.,0.
15.4, 462,   7.80343 ,471.395   ,  0.107332, 38.748   ,459.703   ,  0.259293,  0.      ,  0.      ,  0.      ,  0.      ,  0.      ,  0.      
15.433333333333334, 463,   7.79818  ,477.263    ,  0.0792073, 35.7771   ,465.527    ,  0.187896 ,  0.       ,  0.       ,  0.       ,  0.       ,  0.       ,  0.       
15.466666666666667, 464, 0.,0.,0.,0.,0.,0.,0.,0.,0.,0.,0.,0.
15.5, 465, 0.,0.,0.,0.,0.,0.,0.,0.,0.,0.,0.,0.
15.533333333333333, 466, 0.,0.,0.,0.,0.,0.,0.,0.,0.,0.,0.,0.
15.566666666666666, 467, 836.414   ,574.379   ,  0.266071,745.155   ,571.493   ,  0.16457 ,715.768   ,736.303   ,  0.065867,  0.      ,  0.      ,  0.      
15.6, 468, 0.,0.,0.,0.,0.,0.,0.,0.,0.,0.,0.,0.
15.633333333333333, 469, 0.,0.,0.,0.,0.,0.,0.,0.,0.,0.,0.,0.
15.666666666666666, 470, 0.,0.,0.,0.,0.,0.,0.,0.,0.,0.,0.,0.
15.7, 471, 0.,0.,0.,0.,0.,0.,0.,0.,0.,0.,0.,0.
15.733333333333333, 472, 0.,0.,0.,0.,0.,0.,0.,0.,0.,0.,0.,0.
15.766666666666667, 473, 836.411    ,577.359    ,  0.268041 ,765.74     ,574.443    ,  0.154254 ,718.682    ,753.975    ,  0.0604184,  0.       ,  0.       ,  0.       
15.8, 474, 0.,0.,0.,0.,0.,0.,0.,0.,0.,0.,0.,0.
15.833333333333334, 475, 0.,0.,0.,0.,0.,0.,0.,0.,0.,0.,0.,0.
15.866666666666667, 476, 0.,0.,0.,0.,0.,0.,0.,0.,0.,0.,0.,0.
15.9, 477, 0.,0.,0.,0.,0.,0.,0.,0.,0.,0.,0.,0.
15.933333333333334, 478, 0.,0.,0.,0.,0.,0.,0.,0.,0.,0.,0.,0.
15.966666666666667, 479, 0.,0.,0.,0.,0.,0.,0.,0.,0.,0.,0.,0.
16.0, 480, 0.,0.,0.,0.,0.,0.,0.,0.,0.,0.,0.,0.
16.033333333333335, 481, 0.,0.,0.,0.,0.,0.,0.,0.,0.,0.,0.,0.
16.066666666666666, 482, 0.,0.,0.,0.,0.,0.,0.,0.,0.,0.,0.,0.
16.1, 483, 0.,0.,0.,0.,0.,0.,0.,0.,0.,0.,0.,0.
16.133333333333333, 484, 0.,0.,0.,0.,0.,0.,0.,0.,0.,0.,0.,0.
16.166666666666668, 485, 0.,0.,0.,0.,0.,0.,0.,0.,0.,0.,0.,0.
16.2, 486, 0.,0.,0.,0.,0.,0.,0.,0.,0.,0.,0.,0.
16.233333333333334, 487, 0.,0.,0.,0.,0.,0.,0.,0.,0.,0.,0.,0.
16.266666666666666, 488, 0.,0.,0.,0.,0.,0.,0.,0.,0.,0.,0.,0.
16.3, 489, 0.,0.,0.,0.,0.,0.,0.,0.,0.,0.,0.,0.
16.333333333333332, 490, 0.,0.,0.,0.,0.,0.,0.,0.,0.,0.,0.,0.
16.366666666666667, 491, 0.,0.,0.,0.,0.,0.,0.,0.,0.,0.,0.,0.
16.4, 492, 0.,0.,0.,0.,0.,0.,0.,0.,0.,0.,0.,0.
16.433333333333334, 493, 0.,0.,0.,0.,0.,0.,0.,0.,0.,0.,0.,0.
16.466666666666665, 494, 0.,0.,0.,0.,0.,0.,0.,0.,0.,0.,0.,0.
16.5, 495, 0.,0.,0.,0.,0.,0.,0.,0.,0.,0.,0.,0.
16.533333333333335, 496, 0.,0.,0.,0.,0.,0.,0.,0.,0.,0.,0.,0.
16.566666666666666, 497, 0.,0.,0.,0.,0.,0.,0.,0.,0.,0.,0.,0.
16.6, 498, 0.,0.,0.,0.,0.,0.,0.,0.,0.,0.,0.,0.
16.633333333333333, 499, 0.,0.,0.,0.,0.,0.,0.,0.,0.,0.,0.,0.
16.666666666666668, 500, 0.,0.,0.,0.,0.,0.,0.,0.,0.,0.,0.,0.
16.7, 501, 0.,0.,0.,0.,0.,0.,0.,0.,0.,0.,0.,0.
16.733333333333334, 502, 0.,0.,0.,0.,0.,0.,0.,0.,0.,0.,0.,0.
16.766666666666666, 503, 0.,0.,0.,0.,0.,0.,0.,0.,0.,0.,0.,0.
16.8, 504, 0.,0.,0.,0.,0.,0.,0.,0.,0.,0.,0.,0.
16.833333333333332, 505, 0.,0.,0.,0.,0.,0.,0.,0.,0.,0.,0.,0.
16.866666666666667, 506, 0.,0.,0.,0.,0.,0.,0.,0.,0.,0.,0.,0.
16.9, 507, 0.,0.,0.,0.,0.,0.,0.,0.,0.,0.,0.,0.
16.933333333333334, 508, 0.,0.,0.,0.,0.,0.,0.,0.,0.,0.,0.,0.
16.966666666666665, 509, 0.,0.,0.,0.,0.,0.,0.,0.,0.,0.,0.,0.
17.0, 510, 0.,0.,0.,0.,0.,0.,0.,0.,0.,0.,0.,0.
17.033333333333335, 511, 0.,0.,0.,0.,0.,0.,0.,0.,0.,0.,0.,0.
17.066666666666666, 512, 0.,0.,0.,0.,0.,0.,0.,0.,0.,0.,0.,0.
17.1, 513, 0.,0.,0.,0.,0.,0.,0.,0.,0.,0.,0.,0.
17.133333333333333, 514, 0.,0.,0.,0.,0.,0.,0.,0.,0.,0.,0.,0.
17.166666666666668, 515, 0.,0.,0.,0.,0.,0.,0.,0.,0.,0.,0.,0.
17.2, 516, 0.,0.,0.,0.,0.,0.,0.,0.,0.,0.,0.,0.
17.233333333333334, 517, 0.,0.,0.,0.,0.,0.,0.,0.,0.,0.,0.,0.
17.266666666666666, 518, 0.,0.,0.,0.,0.,0.,0.,0.,0.,0.,0.,0.
17.3, 519, 0.,0.,0.,0.,0.,0.,0.,0.,0.,0.,0.,0.
17.333333333333332, 520, 0.,0.,0.,0.,0.,0.,0.,0.,0.,0.,0.,0.
17.366666666666667, 521, 0.,0.,0.,0.,0.,0.,0.,0.,0.,0.,0.,0.
17.4, 522, 0.,0.,0.,0.,0.,0.,0.,0.,0.,0.,0.,0.
17.433333333333334, 523, 0.,0.,0.,0.,0.,0.,0.,0.,0.,0.,0.,0.
17.466666666666665, 524, 0.,0.,0.,0.,0.,0.,0.,0.,0.,0.,0.,0.
17.5, 525, 0.,0.,0.,0.,0.,0.,0.,0.,0.,0.,0.,0.
17.533333333333335, 526, 0.,0.,0.,0.,0.,0.,0.,0.,0.,0.,0.,0.
17.566666666666666, 527,   7.82357  ,465.614    ,  0.102176 ,  7.81128  ,459.545    ,  0.0527392,  0.       ,  0.       ,  0.       ,  0.       ,  0.       ,  0.       
17.6, 528,   7.81337 ,474.35    ,  0.135657,  0.      ,  0.      ,  0.      ,  0.      ,  0.      ,  0.      ,  0.      ,  0.      ,  0.      
17.633333333333333, 529,   7.79034  ,462.702    ,  0.436283 ,  7.81208  ,459.697    ,  0.0593827,  0.       ,  0.       ,  0.       ,  0.       ,  0.       ,  0.       
17.666666666666668, 530,   7.77323  ,459.732    ,  0.674192 ,  7.82978  ,459.613    ,  0.0796419,  0.       ,  0.       ,  0.       ,  0.       ,  0.       ,  0.       
17.7, 531,   7.76294  ,462.607    ,  0.755295 ,  7.8389   ,465.532    ,  0.0777539,  0.       ,  0.       ,  0.       ,  0.       ,  0.       ,  0.       
17.733333333333334, 532, 0.,0.,0.,0.,0.,0.,0.,0.,0.,0.,0.,0.
17.766666666666666, 533,  32.7533  ,471.397   ,  0.73946 ,  7.83655 ,480.185   ,  0.079344,  0.      ,  0.      ,  0.      ,  0.      ,  0.      ,  0.      
17.8, 534,  44.6854  ,468.534   ,  0.721157,  7.8302  ,477.211   ,  0.113809,  0.      ,  0.      ,  0.      ,  0.      ,  0.      ,  0.      
17.833333333333332, 535,  74.0165   ,474.328    ,  0.767072 ,  7.80683  ,477.202    ,  0.418509 ,  7.80856  ,624.544    ,  0.0902357,  0.       ,  0.       ,  0.       
17.866666666666667, 536,  97.6481  ,477.358   ,  0.820403,  7.77884 ,480.264   ,  0.756929,  7.80135 ,618.62    ,  0.522835,  0.      ,  0.      ,  0.      
17.9, 537, 115.235   ,480.224   ,  0.827254, 21.0507  ,480.36    ,  0.737755,  7.78479 ,621.554   ,  0.795299,  0.      ,  0.      ,  0.      
17.933333333333334, 538, 141.758   ,480.255   ,  0.818515, 47.6129  ,480.233   ,  0.764336,  0.      ,  0.      ,  0.      ,  0.      ,  0.      ,  0.      
17.966666666666665, 539, 168.283   ,480.332   ,  0.832968, 74.0859  ,477.343   ,  0.765298, 38.7973  ,621.6     ,  0.783372,  7.78233 ,739.281   ,  0.620129
18.0, 540, 194.743   ,483.157   ,  0.853469,100.474   ,480.137   ,  0.775835, 56.439   ,624.467   ,  0.849497,  6.33288 ,748.095   ,  0.852641
18.033333333333335, 541, 218.34    ,483.227   ,  0.860399,118.217   ,480.097   ,  0.763074, 76.9858  ,624.468   ,  0.81211 , 35.9215  ,751.009   ,  0.834591
18.066666666666666, 542, 238.856   ,483.1     ,  0.833008,135.901   ,474.322   ,  0.747253, 94.6957  ,621.424   ,  0.777064, 56.3508  ,745.157   ,  0.870305
18.1, 543, 253.691   ,480.272   ,  0.837134,156.484   ,465.525   ,  0.774572,106.462   ,615.683   ,  0.803128, 74.0624  ,745.105   ,  0.824041
18.133333333333333, 544, 271.388   ,480.106   ,  0.86593 ,177.032   ,459.785   ,  0.823076,126.999   ,601.045   ,  0.841282, 83.0567  ,739.226   ,  0.885021
18.166666666666668, 545, 291.792   ,474.391   ,  0.847776,191.86    ,459.617   ,  0.787462,135.895   ,601.028   ,  0.797204,103.403   ,736.36    ,  0.892831
18.2, 546, 300.741   ,468.451   ,  0.798051,203.602   ,456.773   ,  0.800585,150.512   ,600.889   ,  0.840675,109.435   ,733.292   ,  0.833846
18.233333333333334, 547, 315.543   ,465.546   ,  0.863813,221.202   ,456.621   ,  0.816208,156.45    ,598.057   ,  0.83051 ,124.067   ,733.352   ,  0.83909 
18.266666666666666, 548, 327.182   ,462.658   ,  0.817506,227.197   ,456.578   ,  0.792299,168.232   ,597.893   ,  0.80591 ,127.146   ,733.295   ,  0.872835
18.3, 549, 339.008   ,465.525   ,  0.871287,244.676   ,456.587   ,  0.809549,174.225   ,598.074   ,  0.865473,130.173   ,733.336   ,  0.850236
18.333333333333332, 550, 347.773   ,468.53    ,  0.814721,247.879   ,456.723   ,  0.805249,180.127   ,597.886   ,  0.815898,147.569   ,730.453   ,  0.827037
18.366666666666667, 551, 362.389   ,474.386   ,  0.856153,262.42    ,456.779   ,  0.786539,194.671   ,598.076   ,  0.820934,150.722   ,736.256   ,  0.887861
18.4, 552, 365.585   ,474.395   ,  0.863582,271.218   ,456.809   ,  0.826716,200.631   ,600.826   ,  0.853391,156.544   ,736.279   ,  0.858061
18.433333333333334, 553, 383.005   ,477.347   ,  0.835138,277.221   ,459.619   ,  0.791398,209.446   ,600.971   ,  0.799618,174.02    ,739.216   ,  0.904443
18.466666666666665, 554, 388.922   ,480.126   ,  0.906516,291.857   ,459.662   ,  0.82678 ,221.243   ,601.017   ,  0.844431,177.259   ,739.372   ,  0.897184
18.5, 555, 400.746   ,480.21    ,  0.843491,297.82    ,459.718   ,  0.806913,230.08    ,600.938   ,  0.801011,197.663   ,739.379   ,  0.921505
18.533333333333335, 556, 409.709   ,480.242   ,  0.905648,315.34    ,459.76    ,  0.810734,244.763   ,603.917   ,  0.807861,206.552   ,745.229   ,  0.810612
18.566666666666666, 557, 421.422   ,483.08    ,  0.84881 ,321.359   ,462.634   ,  0.781412,253.627   ,606.766   ,  0.759284,224.181   ,750.987   ,  0.848526
18.6, 558, 436.061   ,483.141   ,  0.898419,339.013   ,465.524   ,  0.777919,268.365   ,618.572   ,  0.780582,244.658   ,756.942   ,  0.841779
18.633333333333333, 559, 453.662   ,483.244   ,  0.847699,350.753   ,471.444   ,  0.737989,285.949   ,621.527   ,  0.782181,256.585   ,762.716   ,  0.826234
18.666666666666668, 560, 462.684   ,483.269   ,  0.846051,365.499   ,474.329   ,  0.772568,297.739   ,621.485   ,  0.783608,274.274   ,765.844   ,  0.836279
18.7, 561, 483.134   ,483.163   ,  0.893512,386.065   ,474.345   ,  0.767551,318.259   ,624.385   ,  0.806163,294.872   ,771.617   ,  0.842019
18.733333333333334, 562, 500.828   ,483.108   ,  0.860976,400.762   ,474.345   ,  0.73771 ,338.87    ,621.548   ,  0.812915,315.447   ,777.53    ,  0.818732
18.766666666666666, 563, 509.718   ,480.259   ,  0.86258 ,412.535   ,468.446   ,  0.767687,350.76    ,624.521   ,  0.765256,338.886   ,780.431   ,  0.816551
18.8, 564, 527.36    ,477.324   ,  0.884806,430.195   ,462.664   ,  0.761219,365.391   ,624.588   ,  0.802683,359.482   ,786.373   ,  0.82093 
18.833333333333332, 565, 536.225   ,471.401   ,  0.802178,436.24    ,459.693   ,  0.806851,377.23    ,624.567   ,  0.767036,371.366   ,780.502   ,  0.786099
18.866666666666667, 566, 550.925   ,462.632   ,  0.878242,453.683   ,456.788   ,  0.798316,389.071   ,621.623   ,  0.813124,389.07    ,780.396   ,  0.821957
18.9, 567, 559.785   ,459.73    ,  0.834876,459.731   ,453.754   ,  0.785593,406.586   ,621.559   ,  0.788517,409.49    ,783.381   ,  0.842584
18.933333333333334, 568, 574.413   ,459.662   ,  0.895898,474.354   ,453.679   ,  0.751108,412.583   ,621.475   ,  0.815843,415.55    ,777.493   ,  0.816241
18.966666666666665, 569, 580.388   ,456.807   ,  0.870397,483.198   ,444.962   ,  0.761081,427.282   ,618.632   ,  0.773136,433.18    ,774.558   ,  0.825612
19.0, 570, 597.846   ,456.76    ,  0.87141 ,494.966   ,444.94    ,  0.72255 ,436.162   ,618.523   ,  0.790305,444.954   ,777.547   ,  0.786915
19.033333333333335, 571, 603.933   ,456.581   ,  0.844778,506.778   ,439.085   ,  0.790044,444.891   ,621.448   ,  0.775357,459.704   ,780.43    ,  0.829881
19.066666666666666, 572, 621.461   ,456.578   ,  0.871419,521.398   ,439.129   ,  0.738728,459.65    ,621.503   ,  0.825196,477.239   ,780.498   ,  0.821161
19.1, 573, 627.454   ,453.796   ,  0.839045,530.257   ,439.1     ,  0.788048,474.382   ,621.547   ,  0.793847,483.339   ,780.46    ,  0.828533
19.133333333333333, 574, 645.061   ,456.633   ,  0.878254,544.99    ,442.036   ,  0.730354,483.257   ,624.426   ,  0.822365,503.698   ,786.238   ,  0.85353 
19.166666666666668, 575, 656.802   ,456.733   ,  0.831209,553.911   ,444.918   ,  0.757678,500.815   ,624.567   ,  0.79297 ,512.677   ,786.451   ,  0.83692 
19.2, 576, 671.437   ,459.56    ,  0.888303,571.466   ,450.842   ,  0.742471,509.682   ,627.455   ,  0.785841,527.409   ,789.338   ,  0.862286
19.233333333333334, 577, 689.208   ,459.631   ,  0.866387,583.234   ,453.726   ,  0.739061,527.423   ,633.343   ,  0.783681,545.012   ,804.029   ,  0.802792
19.266666666666666, 578, 698.159   ,459.65    ,  0.852639,598.027   ,453.75    ,  0.763008,542.045   ,642.163   ,  0.757632,553.957   ,809.846   ,  0.853393
19.3, 579, 718.53    ,459.653   ,  0.89432 ,612.728   ,453.765   ,  0.732125,553.989   ,642.051   ,  0.770374,571.402   ,812.718   ,  0.834331
19.333333333333332, 580, 736.314   ,456.815   ,  0.862224,627.447   ,450.803   ,  0.726267,574.417   ,642.058   ,  0.785576,577.543   ,812.747   ,  0.866352
19.366666666666667, 581, 748.159   ,456.673   ,  0.829405,644.959   ,442.01    ,  0.723448,583.225   ,642.049   ,  0.749543,597.832   ,812.802   ,  0.849608
19.4, 582, 765.666   ,453.669   ,  0.863618,653.899   ,436.177   ,  0.748102,600.845   ,627.458   ,  0.783718,601.085   ,809.97    ,  0.861545
19.433333333333334, 583, 780.449   ,450.743   ,  0.787374,668.536   ,436.004   ,  0.772747,603.978   ,627.449   ,  0.752378,615.647   ,809.819   ,  0.803703
19.466666666666665, 584, 789.179   ,442.035   ,  0.839966,674.518   ,433.121   ,  0.742166,621.408   ,624.458   ,  0.796207,624.345   ,806.94    ,  0.82529 
19.5, 585, 801.042   ,439.026   ,  0.812809,686.282   ,430.229   ,  0.72928 ,624.533   ,624.418   ,  0.798538,627.38    ,809.816   ,  0.855193
19.533333333333335, 586, 809.974   ,436.229   ,  0.873711,695.068   ,430.164   ,  0.739872,630.363   ,624.537   ,  0.758258,633.287   ,809.881   ,  0.819547
19.566666666666666, 587, 818.748   ,436.206   ,  0.822242,701.018   ,430.138   ,  0.71569 ,644.928   ,624.503   ,  0.801658,642.083   ,809.923   ,  0.835506
19.6, 588, 833.337   ,436.244   ,  0.854694,709.857   ,430.145   ,  0.710359,648.036   ,627.419   ,  0.785106,645.      ,812.86    ,  0.844741
19.633333333333333, 589, 836.462   ,439.017   ,  0.847995,715.806   ,430.198   ,  0.734207,651.001   ,633.274   ,  0.751757,645.159   ,815.777   ,  0.846097
19.666666666666668, 590, 851.063   ,438.998   ,  0.805141,721.61    ,430.154   ,  0.716486,656.852   ,633.318   ,  0.734088,647.946   ,821.642   ,  0.824862
19.7, 591, 857.      ,439.109   ,  0.84391 ,724.578   ,430.229   ,  0.708946,665.673   ,636.233   ,  0.750029,647.992   ,827.548   ,  0.828729
19.733333333333334, 592, 859.898   ,439.155   ,  0.837376,730.39    ,433.087   ,  0.707725,668.526   ,642.139   ,  0.775901,648.103   ,836.299   ,  0.858327
19.766666666666666, 593, 860.037   ,439.12    ,  0.824187,727.537   ,433.162   ,  0.707877,668.533   ,648.09    ,  0.786505,648.131   ,839.389   ,  0.813503
19.8, 594, 865.849   ,444.93    ,  0.768822,733.404   ,436.013   ,  0.709966,668.588   ,656.84    ,  0.760931,648.105   ,854.032   ,  0.825176
19.833333333333332, 595, 874.681   ,447.838   ,  0.769314,736.355   ,436.064   ,  0.714263,668.647   ,668.594   ,  0.790778,648.103   ,865.788   ,  0.794695
19.866666666666667, 596, 880.432   ,447.875   ,  0.806942,739.158   ,436.104   ,  0.710057,668.697   ,671.503   ,  0.761648,648.071   ,880.548   ,  0.828656
19.9, 597, 880.549   ,453.811   ,  0.832133,739.179   ,439.133   ,  0.674514,668.71    ,686.229   ,  0.737317,648.063   ,904.074   ,  0.814853
19.933333333333334, 598, 880.646   ,453.726   ,  0.819434,736.29    ,441.961   ,  0.656883,668.704   ,692.128   ,  0.717829,647.923   ,915.819   ,  0.76277 
19.966666666666665, 599, 883.484   ,441.978   ,  0.809488,736.27    ,436.191   ,  0.656246,668.724   ,700.955   ,  0.700863,647.895   ,927.692   ,  0.783409
20.0, 600, 889.338   ,436.214   ,  0.787667,736.321   ,436.062   ,  0.658325,668.651   ,709.811   ,  0.677483,647.917   ,939.36    ,  0.748181
20.033333333333335, 601, 895.278   ,436.089   ,  0.785404,736.301   ,433.183   ,  0.655115,668.556   ,709.838   ,  0.661589,647.994   ,951.264   ,  0.780709
20.066666666666666, 602, 901.182   ,433.186   ,  0.817081,736.295   ,433.026   ,  0.64157 ,665.694   ,712.799   ,  0.676302,648.035   ,957.044   ,  0.781448
20.1, 603, 904.003   ,433.013   ,  0.804565,736.259   ,430.159   ,  0.619969,662.737   ,715.712   ,  0.659244,648.089   ,960.071   ,  0.752924
20.133333333333333, 604, 904.198   ,421.434   ,  0.786665,736.276   ,421.377   ,  0.60853 ,662.686   ,718.597   ,  0.648369,651.063   ,974.739   ,  0.769395
20.166666666666668, 605, 907.074   ,412.514   ,  0.82167 ,736.308   ,409.676   ,  0.642397,662.674   ,718.66    ,  0.644834,653.968   ,977.615   ,  0.752908
20.2, 606, 909.951   ,409.607   ,  0.791852,733.367   ,409.518   ,  0.620451,659.834   ,718.619   ,  0.634609,662.692   ,989.387   ,  0.711397
20.233333333333334, 607, 910.066   ,406.646   ,  0.758432,730.396   ,406.575   ,  0.596814,662.684   ,718.623   ,  0.630053,668.556   ,998.334   ,  0.737862
20.266666666666666, 608,  918.763   , 406.587   ,   0.734147, 727.473   , 403.77    ,   0.59098 , 665.59    , 715.71    ,   0.635762, 671.509   ,1001.27    ,   0.680715
20.3, 609,  924.667   , 403.668   ,   0.74344 , 727.489   , 403.694   ,   0.586052, 665.582   , 727.457   ,   0.642229, 674.461   ,1010.07    ,   0.667458
20.333333333333332, 610,  927.691   , 400.806   ,   0.764851, 727.509   , 403.755   ,   0.58189 , 665.719   , 733.367   ,   0.637101, 680.348   ,1015.91    ,   0.668372
20.366666666666667, 611,  933.505   , 406.59    ,   0.750218, 733.384   , 409.557   ,   0.583254, 668.534   , 730.444   ,   0.597943, 686.219   ,1021.9     ,   0.645851
20.4, 612,  945.273   , 406.718   ,   0.739489, 739.172   , 412.635   ,   0.574994, 668.585   , 742.164   ,   0.625658, 689.168   ,1027.7     ,   0.678353
20.433333333333334, 613,  951.147   , 412.532   ,   0.766773, 739.292   , 424.339   ,   0.547926, 668.714   , 739.266   ,   0.517809, 692.06    ,1045.27    ,   0.644483
20.466666666666665, 614,  957.03    , 427.218   ,   0.711164, 742.176   , 439.04    ,   0.551517, 671.534   , 762.837   ,   0.48757 , 692.095   ,1074.82    ,   0.391922
20.5, 615, 968.819   ,439.017   ,  0.715042,742.206   ,459.565   ,  0.554154,671.661   ,774.57    ,  0.453537,  0.      ,  0.      ,  0.      
20.533333333333335, 616, 977.573   ,456.658   ,  0.736886,745.18    ,477.27    ,  0.537277,671.585   ,821.678   ,  0.384297,  0.      ,  0.      ,  0.      
20.566666666666666, 617, 986.541   ,477.356   ,  0.692866,753.973   ,497.922   ,  0.520222,677.486   ,871.711   ,  0.30372 ,  0.      ,  0.      ,  0.      
20.6, 618,  998.298    , 503.675    ,   0.717451 , 762.775    , 521.44     ,   0.51106  , 674.591    , 924.69     ,   0.312335 , 668.695    ,1074.8      ,   0.0897647
20.633333333333333, 619, 1007.11    , 530.231   ,   0.684188, 762.788   , 550.881   ,   0.488709, 668.605   ,1018.88    ,   0.316926,   0.      ,   0.      ,   0.      
20.666666666666668, 620, 1018.85    , 574.351   ,   0.678331, 762.804   , 592.053   ,   0.452498, 668.583   ,1074.8     ,   0.2033  ,   0.      ,   0.      ,   0.      
20.7, 621, 1027.65    , 606.855   ,   0.651293, 765.812   , 630.328   ,   0.41599 , 662.7     ,1074.83    ,   0.129953,   0.      ,   0.      ,   0.      
20.733333333333334, 622, 1039.44    , 650.927   ,   0.634182, 768.68    , 674.514   ,   0.402325,   0.      ,   0.      ,   0.      ,   0.      ,   0.      ,   0.      
20.766666666666666, 623, 1045.42    , 695.145   ,   0.677468, 771.622   , 730.443   ,   0.387872,   0.      ,   0.      ,   0.      ,   0.      ,   0.      ,   0.      
20.8, 624, 1057.1     , 742.111   ,   0.644641, 768.707   , 777.514   ,   0.358182,   0.      ,   0.      ,   0.      ,   0.      ,   0.      ,   0.      
20.833333333333332, 625, 1065.95    , 777.559   ,   0.628575, 765.789   , 812.864   ,   0.362886,   0.      ,   0.      ,   0.      ,   0.      ,   0.      ,   0.      
20.866666666666667, 626, 1071.85    , 812.814   ,   0.618829, 768.709   , 845.199   ,   0.347324,   0.      ,   0.      ,   0.      ,   0.      ,   0.      ,   0.      
20.9, 627, 1077.78    , 839.302   ,   0.58551 , 771.666   , 868.753   ,   0.338244,   0.      ,   0.      ,   0.      ,   0.      ,   0.      ,   0.      
20.933333333333334, 628, 1086.54    , 862.915   ,   0.584456, 783.404   , 895.281   ,   0.325033,   0.      ,   0.      ,   0.      ,   0.      ,   0.      ,   0.      
20.966666666666665, 629, 1092.44    , 901.105   ,   0.602447, 786.311   , 930.608   ,   0.299547,   0.      ,   0.      ,   0.      ,   0.      ,   0.      ,   0.      
21.0, 630, 1092.54    , 927.587   ,   0.610474, 789.274   , 951.196   ,   0.286803,   0.      ,   0.      ,   0.      ,   0.      ,   0.      ,   0.      
21.033333333333335, 631, 1098.35    , 936.494   ,   0.544184, 798.107   , 957.101   ,   0.27181 ,   0.      ,   0.      ,   0.      ,   0.      ,   0.      ,   0.      
21.066666666666666, 632, 1098.36    , 954.06    ,   0.583736, 789.306   , 977.628   ,   0.294064,   0.      ,   0.      ,   0.      ,   0.      ,   0.      ,   0.      
21.1, 633, 1107.13    , 968.795   ,   0.533538, 795.194   , 989.434   ,   0.289954,   0.      ,   0.      ,   0.      ,   0.      ,   0.      ,   0.      
21.133333333333333, 634, 1104.21    , 980.633   ,   0.542739, 789.33    ,1001.22    ,   0.292793,   0.      ,   0.      ,   0.      ,   0.      ,   0.      ,   0.      
21.166666666666668, 635, 1101.29    , 992.342   ,   0.538518, 792.274   , 995.339   ,   0.312451,   0.      ,   0.      ,   0.      ,   0.      ,   0.      ,   0.      
21.2, 636, 1098.32    , 998.241   ,   0.576499, 789.287   , 998.305   ,   0.315789,   0.      ,   0.      ,   0.      ,   0.      ,   0.      ,   0.      
21.233333333333334, 637, 1095.46    ,1001.25    ,   0.565653, 792.232   ,1001.21    ,   0.30575 ,   0.      ,   0.      ,   0.      ,   0.      ,   0.      ,   0.      
21.266666666666666, 638, 1089.53    ,1010.07    ,   0.539849, 786.364   ,1007.1     ,   0.310886,   0.      ,   0.      ,   0.      ,   0.      ,   0.      ,   0.      
21.3, 639, 1089.47    ,1010.02    ,   0.537494, 786.381   ,1001.22    ,   0.331468,   0.      ,   0.      ,   0.      ,   0.      ,   0.      ,   0.      
21.333333333333332, 640, 1080.65    ,1021.85    ,   0.527936, 783.385   ,1012.95    ,   0.294174,   0.      ,   0.      ,   0.      ,   0.      ,   0.      ,   0.      
21.366666666666667, 641, 1071.86    ,1027.69    ,   0.54717 , 777.524   ,1018.85    ,   0.327886,   0.      ,   0.      ,   0.      ,   0.      ,   0.      ,   0.      
21.4, 642, 1071.84    ,1042.36    ,   0.554858, 777.535   ,1024.79    ,   0.299805,   0.      ,   0.      ,   0.      ,   0.      ,   0.      ,   0.      
