t, j0, j1, j2, j3, j4, j5, l0x, l0y, l0z, l1x, l1y, l1z, l2x, l2y, l2z, l3x, l3y, l3z, l4x, l4y, l4z, l5x, l5y, l5z, l6x, l6y, l6z, ed
0.00199999999995, -1.49524496608, -0.69350217791, 1.25766742395, -0.564276439113, -1.49530468852, -3.14130067325,  0.        , 0.        , 0.1273    , 0.22031073, 0.01667652, 0.1273    , 0.08442443,-0.46559121, 0.5185114 , 0.12092735,-0.9478253 , 0.21249652, 0.23549958,-0.93915271, 0.21249652, 0.23550055,-0.93916554, 0.09679652, 1.28739933
0.019, -1.49524496608, -0.69350217791, 1.25766742395, -0.564276439113, -1.49530468852, -3.14130067325,  0.        , 0.        , 0.1273    , 0.22031073, 0.01667652, 0.1273    , 0.08442443,-0.46559121, 0.5185114 , 0.12092735,-0.9478253 , 0.21249652, 0.23549958,-0.93915271, 0.21249652, 0.23550055,-0.93916554, 0.09679652, 1.28739933
0.04, -1.49524496608, -0.69350217791, 1.25766742395, -0.564276439113, -1.49530468852, -3.14130067325,  0.        , 0.        , 0.1273    , 0.22031073, 0.01667652, 0.1273    , 0.08442443,-0.46559121, 0.5185114 , 0.12092735,-0.9478253 , 0.21249652, 0.23549958,-0.93915271, 0.21249652, 0.23550055,-0.93916554, 0.09679652, 1.28739933
0.0599999999999, -1.49524496608, -0.69350217791, 1.25766742395, -0.564276439113, -1.49530468852, -3.14130067325,  0.        , 0.        , 0.1273    , 0.22031073, 0.01667652, 0.1273    , 0.08442443,-0.46559121, 0.5185114 , 0.12092735,-0.9478253 , 0.21249652, 0.23549958,-0.93915271, 0.21249652, 0.23550055,-0.93916554, 0.09679652, 1.28739933
0.081, -1.49524496608, -0.69350217791, 1.25766742395, -0.564276439113, -1.49530468852, -3.14130067325,  0.        , 0.        , 0.1273    , 0.22031073, 0.01667652, 0.1273    , 0.08442443,-0.46559121, 0.5185114 , 0.12092735,-0.9478253 , 0.21249652, 0.23549958,-0.93915271, 0.21249652, 0.23550055,-0.93916554, 0.09679652, 1.28739933
0.1, -1.49524496608, -0.69350217791, 1.25766742395, -0.564276439113, -1.49530468852, -3.14130067325,  0.        , 0.        , 0.1273    , 0.22031073, 0.01667652, 0.1273    , 0.08442443,-0.46559121, 0.5185114 , 0.12092735,-0.9478253 , 0.21249652, 0.23549958,-0.93915271, 0.21249652, 0.23550055,-0.93916554, 0.09679652, 1.28739933
0.121, -1.49524496608, -0.69350217791, 1.25766742395, -0.564276439113, -1.49530468852, -3.14130067325,  0.        , 0.        , 0.1273    , 0.22031073, 0.01667652, 0.1273    , 0.08442443,-0.46559121, 0.5185114 , 0.12092735,-0.9478253 , 0.21249652, 0.23549958,-0.93915271, 0.21249652, 0.23550055,-0.93916554, 0.09679652, 1.28739933
0.14, -1.49524496608, -0.69350217791, 1.25766742395, -0.564276439113, -1.49530468852, -3.14130067325,  0.        , 0.        , 0.1273    , 0.22031073, 0.01667652, 0.1273    , 0.08442443,-0.46559121, 0.5185114 , 0.12092735,-0.9478253 , 0.21249652, 0.23549958,-0.93915271, 0.21249652, 0.23550055,-0.93916554, 0.09679652, 1.28739933
0.159, -1.49524496608, -0.69350217791, 1.25766742395, -0.564276439113, -1.49530468852, -3.14130067325,  0.        , 0.        , 0.1273    , 0.22031073, 0.01667652, 0.1273    , 0.08442443,-0.46559121, 0.5185114 , 0.12092735,-0.9478253 , 0.21249652, 0.23549958,-0.93915271, 0.21249652, 0.23550055,-0.93916554, 0.09679652, 1.28739933
0.179, -1.49524496608, -0.69350217791, 1.25766742395, -0.564276439113, -1.49530468852, -3.14130067325,  0.        , 0.        , 0.1273    , 0.22031073, 0.01667652, 0.1273    , 0.08442443,-0.46559121, 0.5185114 , 0.12092735,-0.9478253 , 0.21249652, 0.23549958,-0.93915271, 0.21249652, 0.23550055,-0.93916554, 0.09679652, 1.28739933
0.198, -1.49524496608, -0.69350217791, 1.25766742395, -0.564276439113, -1.49530468852, -3.14130067325,  0.        , 0.        , 0.1273    , 0.22031073, 0.01667652, 0.1273    , 0.08442443,-0.46559121, 0.5185114 , 0.12092735,-0.9478253 , 0.21249652, 0.23549958,-0.93915271, 0.21249652, 0.23550055,-0.93916554, 0.09679652, 1.28739933
0.218, -1.49524496608, -0.69350217791, 1.25766742395, -0.564276439113, -1.49530468852, -3.14130067325,  0.        , 0.        , 0.1273    , 0.22031073, 0.01667652, 0.1273    , 0.08442443,-0.46559121, 0.5185114 , 0.12092735,-0.9478253 , 0.21249652, 0.23549958,-0.93915271, 0.21249652, 0.23550055,-0.93916554, 0.09679652, 1.28739933
0.238, -1.49524496608, -0.69350217791, 1.25766742395, -0.564276439113, -1.49530468852, -3.14130067325,  0.        , 0.        , 0.1273    , 0.22031073, 0.01667652, 0.1273    , 0.08442443,-0.46559121, 0.5185114 , 0.12092735,-0.9478253 , 0.21249652, 0.23549958,-0.93915271, 0.21249652, 0.23550055,-0.93916554, 0.09679652, 1.28739933
0.258, -1.4952260868, -0.693490654227, 1.257628318, -0.564290578301, -1.49530474197, -3.14121693184,  0.        , 0.        , 0.1273    , 0.22031073, 0.01667652, 0.1273    , 0.08442443,-0.46559121, 0.5185114 , 0.12092735,-0.9478253 , 0.21249652, 0.23549958,-0.93915271, 0.21249652, 0.23550055,-0.93916554, 0.09679652, 1.28739933
0.278, -1.49506382159, -0.693391613218, 1.25729220733, -0.564412102983, -1.49530520131, -3.14049718514,  0.        , 0.        , 0.1273    , 0.22031073, 0.01667652, 0.1273    , 0.08442443,-0.46559121, 0.5185114 , 0.12092735,-0.9478253 , 0.21249652, 0.23549958,-0.93915271, 0.21249652, 0.23550055,-0.93916554, 0.09679652, 1.28739933
0.3, -1.4946298006, -0.693126715925, 1.25639318989, -0.564737153702, -1.49530642992, -3.13857203177,  0.        , 0.        , 0.1273    , 0.22030771, 0.01671643, 0.1273    , 0.08451204,-0.46561904, 0.51845936, 0.12110844,-0.94792725, 0.21257248, 0.2356791 ,-0.9392339 , 0.21257248, 0.23568357,-0.93929291, 0.0968725 , 1.28740799
0.321, -1.49383910461, -0.692644158617, 1.25475536401, -0.565329330969, -1.49530866816, -3.13506479774,  0.        , 0.        , 0.1273    , 0.22030771, 0.01671643, 0.1273    , 0.08451204,-0.46561904, 0.51845936, 0.12110844,-0.94792725, 0.21257248, 0.2356791 ,-0.9392339 , 0.21257248, 0.23568357,-0.93929291, 0.0968725 , 1.28740799
0.336, -1.49264456368, -0.691915189871, 1.25228101928, -0.566223964858, -1.49531204953, -3.12976624824,  0.        , 0.        , 0.1273    , 0.22028707, 0.01698623, 0.1273    , 0.08510469,-0.46580656, 0.51810744, 0.12233378,-0.94861455, 0.21308657, 0.23689371,-0.93978089, 0.21308657, 0.23692233,-0.94015213, 0.09738717, 1.28746515
0.356, -1.49103094458, -0.690930560089, 1.24893859687, -0.567432467964, -1.4953166171, -3.12260880582,  0.        , 0.        , 0.1273    , 0.22028707, 0.01698623, 0.1273    , 0.08510469,-0.46580656, 0.51810744, 0.12233378,-0.94861455, 0.21308657, 0.23689371,-0.93978089, 0.21308657, 0.23692233,-0.94015213, 0.09738717, 1.28746515
0.379, -1.48900913824, -0.689696970946, 1.2447506499, -0.568946688351, -1.49532233999, -3.11364076855,  0.        , 0.        , 0.1273    , 0.2202385 , 0.01760476, 0.1273    , 0.08646572,-0.46623261, 0.51729981, 0.12514986,-0.95017765, 0.21426843, 0.23968453,-0.94102232, 0.21426843, 0.23977141,-0.94210925, 0.09857356, 1.28758722
0.398, -1.48661034715, -0.688233524843, 1.2397818038, -0.570743262505, -1.49532912983, -3.10300052822,  0.        , 0.        , 0.1273    , 0.2202385 , 0.01760476, 0.1273    , 0.08646572,-0.46623261, 0.51729981, 0.12514986,-0.95017765, 0.21426843, 0.23968453,-0.94102232, 0.21426843, 0.23977141,-0.94210925, 0.09857356, 1.28758722
0.419, -1.48388027279, -0.686568174362, 1.23412671664, -0.57278796828, -1.49533685719, -3.0908907885,  0.        , 0.        , 0.1273    , 0.22015853, 0.01857817, 0.1273    , 0.0886142 ,-0.46689223, 0.51602637, 0.12960103,-0.95260201, 0.21613742, 0.2440941 ,-0.94294046, 0.21613742, 0.24428084,-0.94515332, 0.10045873, 1.28775408
0.437, -1.4808733031, -0.684734171719, 1.22789803951, -0.575040077852, -1.49534536806, -3.07755278313,  0.        , 0.        , 0.1273    , 0.22015853, 0.01857817, 0.1273    , 0.0886142 ,-0.46689223, 0.51602637, 0.12960103,-0.95260201, 0.21613742, 0.2440941 ,-0.94294046, 0.21613742, 0.24428084,-0.94515332, 0.10045873, 1.28775408
0.453, -1.47764669986, -0.682766518217, 1.22121437684, -0.577456710668, -1.4953545003, -3.06324049411,  0.        , 0.        , 0.1273    , 0.22004832, 0.01984092, 0.1273    , 0.0914132 ,-0.46772808, 0.51436988, 0.13541014,-0.95568186, 0.21857829, 0.2498459 ,-0.94536362, 0.21857829, 0.25017704,-0.94903618, 0.10293707, 1.28792445
0.479, -1.47425478616, -0.680698413706, 1.2141882468, -0.579997186398, -1.4953641001, -3.04819486985,  0.        , 0.        , 0.1273    , 0.22004832, 0.01984092, 0.1273    , 0.0914132 ,-0.46772808, 0.51436988, 0.13541014,-0.95568186, 0.21857829, 0.2498459 ,-0.94536362, 0.21857829, 0.25017704,-0.94903618, 0.10293707, 1.28792445
0.499, -1.4707431338, -0.678557706038, 1.20691404161, -0.582627377882, -1.49537403841, -3.03261804339,  0.        , 0.        , 0.1273    , 0.21991218, 0.02129687, 0.1273    , 0.09465705,-0.46866382, 0.51245359, 0.14215613,-0.95914103, 0.2214154 , 0.2565211 ,-0.94806563, 0.2214154 , 0.25703959,-0.95341954, 0.10584051, 1.28805607
0.52, -1.46714275073, -0.676363340537, 1.19945598791, -0.585324064089, -1.49538422744, -3.01664755053,  0.        , 0.        , 0.1273    , 0.21991218, 0.02129687, 0.1273    , 0.09473642,-0.46948339, 0.51143458, 0.14237889,-0.96144122, 0.22292986, 0.25674386,-0.95036582, 0.22292986, 0.25734882,-0.95661268, 0.1074002 , 1.28987525
0.539, -1.46346426849, -0.674121809458, 1.19183610711, -0.588079283062, -1.4953946371, -3.00033054805,  0.        , 0.        , 0.1273    , 0.21975516, 0.02286034, 0.1273    , 0.09816007,-0.46963502, 0.5103882 , 0.14945655,-0.96274521, 0.22448908, 0.26373986,-0.95085673, 0.22448908, 0.26448436,-0.95801364, 0.10901305, 1.28811984
0.559, -1.45969212964, -0.671823601465, 1.18402217576, -0.590904684873, -1.49540531145, -2.98359803187,  0.        , 0.        , 0.1273    , 0.21966958, 0.02366855, 0.1273    , 0.09997881,-0.47012333, 0.50931742, 0.15325279,-0.96456318, 0.22608886, 0.26749159,-0.95225439, 0.22608886, 0.26836301,-0.96034209, 0.11067517, 1.28812121
0.578, -1.45577877517, -0.669439651097, 1.17591568588, -0.593835884576, -1.49541638514, -2.96623905525,  0.        , 0.        , 0.1273    , 0.21957874, 0.024497  , 0.1273    , 0.10184867,-0.47061414, 0.50821757, 0.15715973,-0.96639456, 0.22773628, 0.27135129,-0.95365494, 0.22773628, 0.27235992,-0.96269575, 0.11239446, 1.28810023
0.599, -1.45163192874, -0.666913587458, 1.16732550479, -0.596941986239, -1.49542811946, -2.9478443245,  0.        , 0.        , 0.1273    , 0.21957874, 0.024497  , 0.1273    , 0.10184867,-0.47061414, 0.50821757, 0.15715973,-0.96639456, 0.22773628, 0.27135129,-0.95365494, 0.22773628, 0.27235992,-0.96269575, 0.11239446, 1.28810023
0.619, -1.4469873236, -0.664084320621, 1.1577042165, -0.6004209237, -1.49544126229, -2.92724161519,  0.        , 0.        , 0.1273    , 0.21937416, 0.02626603, 0.1273    , 0.10586023,-0.47162925, 0.50586107, 0.16555443,-0.97019576, 0.23127897, 0.27963959,-0.95653615, 0.23127897, 0.28096528,-0.96760827, 0.1161176 , 1.28797967
0.636, -1.44163387034, -0.660823258342, 1.14661455147, -0.604430807848, -1.49545641099, -2.90349457238,  0.        , 0.        , 0.1273    , 0.21937416, 0.02626603, 0.1273    , 0.10586023,-0.47162925, 0.50586107, 0.16555443,-0.97019576, 0.23127897, 0.27963959,-0.95653615, 0.23127897, 0.28096528,-0.96760827, 0.1161176 , 1.28797967
0.659, -1.43563288123, -0.657167748976, 1.13418351813, -0.608925714038, -1.49547339205, -2.8768751677,  0.        , 0.        , 0.1273    , 0.21910059, 0.028458  , 0.1273    , 0.11086605,-0.4728248 , 0.50292541, 0.17605204,-0.97469733, 0.23571382, 0.28999494,-0.9598978 , 0.23571382, 0.29175883,-0.97347814, 0.12082712, 1.28768708
0.68, -1.42920419627, -0.653251708511, 1.12086651451, -0.61374097605, -1.4954915834, -2.84835857548,  0.        , 0.        , 0.1273    , 0.21910059, 0.028458  , 0.1273    , 0.11086605,-0.4728248 , 0.50292541, 0.17605204,-0.97469733, 0.23571382, 0.28999494,-0.9598978 , 0.23571382, 0.29175883,-0.97347814, 0.12082712, 1.28768708
0.698, -1.4225981737, -0.649227643217, 1.10718215689, -0.618689068734, -1.49551027661, -2.81905534354,  0.        , 0.        , 0.1273    , 0.21872995, 0.03117908, 0.1273    , 0.11713378,-0.47421215, 0.49925636, 0.18922627,-0.97996103, 0.24128731, 0.30297642,-0.9637464 , 0.24128731, 0.30535381,-0.9804245 , 0.12682038, 1.28710224
0.708, -1.4159676805, -0.645188672573, 1.09344710845, -0.623655490663, -1.49552903911, -2.78964356399,  0.        , 0.        , 0.1273    , 0.21851921, 0.03262333, 0.1273    , 0.12048429,-0.47490449, 0.49729768, 0.19628061,-0.98260722, 0.24427565, 0.30992116,-0.96564152, 0.24427565, 0.31265531,-0.98395556, 0.13006703, 1.28669157
0.74, -1.40924361869, -0.641092706043, 1.07951823234, -0.62869199835, -1.49554806643, -2.75981672835,  0.        , 0.        , 0.1273    , 0.2182981 , 0.03407149, 0.1273    , 0.12386031,-0.47556779, 0.49532571, 0.20339586,-0.98515689, 0.24729278, 0.31692142,-0.96743807, 0.24729278, 0.32003487,-0.98738611, 0.13336793, 1.28620962
0.759, -1.40221603641, -0.636811851178, 1.0649606144, -0.633955851325, -1.4955679527, -2.72864352572,  0.        , 0.        , 0.1273    , 0.2182981 , 0.03407149, 0.1273    , 0.12386031,-0.47556779, 0.49532571, 0.20339586,-0.98515689, 0.24729278, 0.31692142,-0.96743807, 0.24729278, 0.32003487,-0.98738611, 0.13336793, 1.28620962
0.779, -1.39483376842, -0.632314940329, 1.04966826627, -0.639485373631, -1.49558884269, -2.69589699617,  0.        , 0.        , 0.1273    , 0.21806407, 0.03553856, 0.1273    , 0.12729704,-0.47620794, 0.49331978, 0.21064555,-0.98763321, 0.25037017, 0.32404941,-0.96915144, 0.25037017, 0.32756903,-0.99074777, 0.13675811, 1.28564944
0.8, -1.38714543863, -0.627631593033, 1.03374191235, -0.6452441446, -1.49561059882, -2.66179282756,  0.        , 0.        , 0.1273    , 0.21752934, 0.03867703, 0.1273    , 0.13470478,-0.47746881, 0.48900039, 0.22628994,-0.99256678, 0.25702295, 0.33941571,-0.97245285, 0.25702295, 0.34387786,-0.99754909, 0.1441657 , 1.28420655
0.819, -1.37922658068, -0.622807820781, 1.01733802031, -0.65117558748, -1.49563300735, -2.62666607462,  0.        , 0.        , 0.1273    , 0.21752934, 0.03867703, 0.1273    , 0.13470478,-0.47746881, 0.48900039, 0.22628994,-0.99256678, 0.25702295, 0.33941571,-0.97245285, 0.25702295, 0.34387786,-0.99754909, 0.1441657 , 1.28420655
0.839, -1.37111358944, -0.617865793804, 1.00053198184, -0.657252441577, -1.49565596531, -2.59067817867,  0.        , 0.        , 0.1273    , 0.21689923, 0.0420672 , 0.1273    , 0.1427905 ,-0.47866225, 0.48429067, 0.24338544,-0.99733154, 0.26431313, 0.35618352,-0.97545456, 0.26431313, 0.36177538,-1.00428627, 0.15240266, 1.28227051
0.859, -1.36274703029, -0.612769307851, 0.983200678139, -0.663519225133, -1.49567964088, -2.55356549715,  0.        , 0.        , 0.1273    , 0.2165508 , 0.0438255 , 0.1273    , 0.14701789,-0.4792113 , 0.48182967, 0.25232772,-0.99956886, 0.26813563, 0.36494461,-0.97677748, 0.26813563, 0.37116749,-1.00752601, 0.15677005, 1.28111069
0.879, -1.35405457429, -0.607474303739, 0.965194280473, -0.670030114339, -1.49570423876, -2.51500719178,  0.        , 0.        , 0.1273    , 0.21617656, 0.04563573, 0.1273    , 0.15139392,-0.47972605, 0.47928269, 0.26158543,-1.00170351, 0.27210003, 0.37400769,-0.97797073, 0.27210003, 0.38091206,-1.01067676, 0.16133391, 1.27980466
0.899, -1.34506926356, -0.60200090908, 0.94658123571, -0.676760359656, -1.49572966544, -2.47514983241,  0.        , 0.        , 0.1273    , 0.21577171, 0.04751309, 0.1273    , 0.15595743,-0.48020524, 0.47662682, 0.27123905,-1.00373496, 0.27624201, 0.38345077,-0.97902586, 0.27624201, 0.39109569,-1.01374385, 0.16613885, 1.27832948
0.918, -1.33586612312, -0.596394825594, 0.927516957955, -0.683653765285, -1.49575570861, -2.43432621767,  0.        , 0.        , 0.1273    , 0.21577171, 0.04751309, 0.1273    , 0.15595743,-0.48020524, 0.47662682, 0.27123905,-1.00373496, 0.27624201, 0.38345077,-0.97902586, 0.27624201, 0.39109569,-1.01374385, 0.16613885, 1.27832948
0.936, -1.32647261165, -0.590672780038, 0.908058327555, -0.690689764004, -1.4957822906, -2.3926581493,  0.        , 0.        , 0.1273    , 0.21487188, 0.05142956, 0.1273    , 0.16555906,-0.48102332, 0.47103796, 0.29153965,-1.00736815, 0.28498071, 0.40328342,-0.98062229, 0.28498071, 0.41258239,-1.01947323, 0.17639607, 1.27485275
0.956, -1.31682659362, -0.584796922906, 0.888076630963, -0.697914897033, -1.49580958723, -2.34987000437,  0.        , 0.        , 0.1273    , 0.21487188, 0.05142956, 0.1273    , 0.16555906,-0.48102332, 0.47103796, 0.29153965,-1.00736815, 0.28498071, 0.40328342,-0.98062229, 0.28498071, 0.41258239,-1.01947323, 0.17639607, 1.27485275
0.975, -1.30690616554, -0.578753911688, 0.867526495684, -0.705345570488, -1.49583766049, -2.3058646237,  0.        , 0.        , 0.1273    , 0.2138538 , 0.05551106, 0.1273    , 0.17568002,-0.48160987, 0.4651424 , 0.31290719,-1.01027127, 0.29422395, 0.42412151,-0.98140284, 0.29422395, 0.43529787,-1.02445928, 0.18741702, 1.27064814
0.998, -1.29675151719, -0.572568228148, 0.846491174772, -0.712951681099, -1.49586639665, -2.26082028266,  0.        , 0.        , 0.1273    , 0.2138538 , 0.05551106, 0.1273    , 0.17568002,-0.48160987, 0.4651424 , 0.31290719,-1.01027127, 0.29422395, 0.42412151,-0.98140284, 0.29422395, 0.43529787,-1.02445928, 0.18741702, 1.27064814
1.019, -1.28639404648, -0.56625899858, 0.825035708871, -0.720709710977, -1.49589570687, -2.21487625714,  0.        , 0.        , 0.1273    , 0.2126964 , 0.05979271, 0.1273    , 0.18642003,-0.48192665, 0.45887699, 0.33552578,-1.01232999, 0.304064  , 0.44613819,-0.98123489, 0.304064  , 0.45944752,-1.02857921, 0.19933642, 1.2655893 
1.039, -1.27580516741, -0.559808810172, 0.803100882093, -0.728641071848, -1.49592567203, -2.16790574421,  0.        , 0.        , 0.1273    , 0.2126964 , 0.05979271, 0.1273    , 0.18642003,-0.48192665, 0.45887699, 0.33552578,-1.01232999, 0.304064  , 0.44613819,-0.98123489, 0.304064  , 0.45944752,-1.02857921, 0.19933642, 1.2655893 
1.053, -1.26496425513, -0.553205099477, 0.780643970583, -0.736761212118, -1.49595635052, -2.11981725644,  0.        , 0.        , 0.1273    , 0.2120657 , 0.06199246, 0.1273    , 0.19198559,-0.48196811, 0.45562498, 0.34721704,-1.01298857, 0.30917445, 0.45750146,-0.98074949, 0.30917445, 0.47196979,-1.0302432 , 0.20560066, 1.26272845
1.077, -1.25388437666, -0.54645582647, 0.757692042704, -0.745060344196, -1.49598770533, -2.07066875712,  0.        , 0.        , 0.1273    , 0.21068862, 0.06652241, 0.1273    , 0.20354634,-0.48178851, 0.44885518, 0.37142075,-1.01347745, 0.31981121, 0.48098902,-0.97888258, 0.31981121, 0.49797442,-1.03267847, 0.21879642, 1.25626829
1.095, -1.24257316478, -0.539565640958, 0.734260909812, -0.753532750886, -1.49601971489, -2.0204941042,  0.        , 0.        , 0.1273    , 0.21068862, 0.06652241, 0.1273    , 0.20354634,-0.48178851, 0.44885518, 0.37142075,-1.01347745, 0.31981121, 0.48098902,-0.97888258, 0.31981121, 0.49797442,-1.03267847, 0.21879642, 1.25626829
1.108, -1.23099192493, -0.532510972621, 0.710270416215, -0.762207415484, -1.49605248867, -1.96912165494,  0.        , 0.        , 0.1273    , 0.21068862, 0.06652241, 0.1273    , 0.20354634,-0.48178851, 0.44885518, 0.37142075,-1.01347745, 0.31981121, 0.48098902,-0.97888258, 0.31981121, 0.49797442,-1.03267847, 0.21879642, 1.25626829
1.131, -1.21914094841, -0.525291999036, 0.685721166069, -0.771084119518, -1.49608602586, -1.91655270308,  0.        , 0.        , 0.1273    , 0.20914642, 0.07122288, 0.1273    , 0.21568036,-0.48121623, 0.44172319, 0.39668229,-1.01272948, 0.3310017 , 0.50544854,-0.97569014, 0.3310017 , 0.52522357,-1.03375962, 0.23290291, 1.24874089
1.157, -1.20709279508, -0.517952920026, 0.660763466914, -0.780108513638, -1.49612012109, -1.86310911222,  0.        , 0.        , 0.1273    , 0.20742025, 0.07610365, 0.1273    , 0.22842349,-0.48019368, 0.43419698, 0.42302219,-1.01057182, 0.34277671, 0.53089075,-0.97099424, 0.34277671, 0.5537427 ,-1.03327717, 0.24798686, 1.24001586
1.178, -1.19485810394, -0.510500216711, 0.635419357024, -0.789272629071, -1.49615474426, -1.80883807442,  0.        , 0.        , 0.1273    , 0.20742025, 0.07610365, 0.1273    , 0.22842349,-0.48019368, 0.43419698, 0.42302219,-1.01057182, 0.34277671, 0.53089075,-0.97099424, 0.34277671, 0.5537427 ,-1.03327717, 0.24798686, 1.24001586
1.2, -1.18241039437, -0.502917758721, 0.609633982286, -0.798596300365, -1.49618997028, -1.75362212691,  0.        , 0.        , 0.1273    , 0.20551127, 0.08111747, 0.1273    , 0.24166082,-0.47867438, 0.42633161, 0.45014084,-1.00685892, 0.35502618, 0.55701664,-0.96467391, 0.35502618, 0.5832069 ,-1.031027  , 0.26393377, 1.23006373
1.219, -1.16973583826, -0.495197123013, 0.583378697929, -0.8080898851, -1.49622583827, -1.69739993074,  0.        , 0.        , 0.1273    , 0.20551127, 0.08111747, 0.1273    , 0.24166082,-0.47867438, 0.42633161, 0.45014084,-1.00685892, 0.35502618, 0.55701664,-0.96467391, 0.35502618, 0.5832069 ,-1.031027  , 0.26393377, 1.23006373
1.241, -1.1568211242, -0.487330201317, 0.556625929553, -0.817763353819, -1.49626238589, -1.64011243903,  0.        , 0.        , 0.1273    , 0.20340878, 0.08625424, 0.1273    , 0.2553707 ,-0.47660816, 0.41812552, 0.47792559,-1.00144752, 0.36772459, 0.58370799,-0.95659115, 0.36772459, 0.61348842,-1.02682075, 0.28073367, 1.21879802
1.265, -1.14364663157, -0.479305042167, 0.529335033172, -0.827631402863, -1.49629966864, -1.58167261812,  0.        , 0.        , 0.1273    , 0.20340878, 0.08625424, 0.1273    , 0.2553707 ,-0.47660816, 0.41812552, 0.47792559,-1.00144752, 0.36772459, 0.58370799,-0.95659115, 0.36772459, 0.61348842,-1.02682075, 0.28073367, 1.21879802
1.279, -1.13023132819, -0.471133199046, 0.501545299159, -0.837679825287, -1.49633763281, -1.52216460309,  0.        , 0.        , 0.1273    , 0.20108951, 0.09153106, 0.1273    , 0.26960318,-0.4739288 , 0.40953154, 0.50639799,-0.99415605, 0.38091131, 0.61097425,-0.94655547, 0.38091131, 0.64460201,-1.0204341 , 0.29846368, 1.20606236
1.293, -1.11661245741, -0.462837361662, 0.473333882222, -0.847880722917, -1.49637617297, -1.46175361057,  0.        , 0.        , 0.1273    , 0.20108951, 0.09153106, 0.1273    , 0.26960318,-0.4739288 , 0.40953154, 0.50639799,-0.99415605, 0.38091131, 0.61097425,-0.94655547, 0.38091131, 0.64460201,-1.0204341 , 0.29846368, 1.20606236
1.319, -1.10273642004, -0.454384877712, 0.444589745747, -0.858274245158, -1.49641544081, -1.40020187039,  0.        , 0.        , 0.1273    , 0.19854187, 0.09693324, 0.1273    , 0.28432207,-0.47057817, 0.40055111, 0.53539288,-0.98482971, 0.39454406, 0.63864425,-0.93441974, 0.39454406, 0.67635429,-1.01165869, 0.31709351, 1.19176076
1.338, -1.08864435661, -0.445800809086, 0.415398115354, -0.868829575465, -1.49645531983, -1.33769188189,  0.        , 0.        , 0.1273    , 0.19854187, 0.09693324, 0.1273    , 0.28432207,-0.47057817, 0.40055111, 0.53539288,-0.98482971, 0.39454406, 0.63864425,-0.93441974, 0.39454406, 0.67635429,-1.01165869, 0.31709351, 1.19176076
1.359, -1.07444575004, -0.437151846506, 0.385985783255, -0.87946470857, -1.49649550021, -1.27470929041,  0.        , 0.        , 0.1273    , 0.19717775, 0.09967879, 0.1273    , 0.29185742,-0.46863148, 0.39591273, 0.55004145,-0.9793534 , 0.40151839, 0.65258341,-0.92751561, 0.40151839, 0.69241534,-1.0063084 , 0.32674137, 1.18398692
1.379, -1.06004984942, -0.428382710065, 0.356164758318, -0.8902476197, -1.49653623873, -1.21091342969,  0.        , 0.        , 0.1273    , 0.19717775, 0.09967879, 0.1273    , 0.29185742,-0.46863148, 0.39591273, 0.55004145,-0.9793534 , 0.40151839, 0.65258341,-0.92751561, 0.40151839, 0.69241534,-1.0063084 , 0.32674137, 1.18398692
1.401, -1.04554517829, -0.419547323208, 0.326118418738, -0.901112001546, -1.49657728483, -1.14691343132,  0.        , 0.        , 0.1273    , 0.19427924, 0.10521645, 0.1273    , 0.3071622 ,-0.46418663, 0.38639685, 0.57934605,-0.96676651, 0.41566642, 0.68038064,-0.91204887, 0.41566642, 0.72456956,-0.99364247, 0.34655554, 1.16723564
1.419, -1.03110650798, -0.410752146132, 0.296208800103, -0.911926946528, -1.49661814393, -1.0829134332,  0.        , 0.        , 0.1273    , 0.19115772, 0.11078651, 0.1273    , 0.32269128,-0.45898873, 0.37659641, 0.60840829,-0.95198205, 0.42998802, 0.70781955,-0.89436771, 0.42998802, 0.75646605,-0.97830531, 0.36694449, 1.14888666
1.438, -1.01667853811, -0.40196349313, 0.26632134706, -0.922733876412, -1.4966589725, -1.01891343534,  0.        , 0.        , 0.1273    , 0.19115772, 0.11078651, 0.1273    , 0.32269128,-0.45898873, 0.37659641, 0.60840829,-0.95198205, 0.42998802, 0.70781955,-0.89436771, 0.42998802, 0.75646605,-0.97830531, 0.36694449, 1.14888666
1.46, -1.00225056832, -0.393174845922, 0.236433893981, -0.933540805982, -1.49669980081, -0.954913437748,  0.        , 0.        , 0.1273    , 0.18788049, 0.11625767, 0.1273    , 0.3380655 ,-0.45313777, 0.36673037, 0.63643986,-0.9353315 , 0.44412054, 0.7341468 ,-0.87487189, 0.44412054, 0.78720789,-0.9606223 , 0.38739421, 1.12932887
1.479, -0.987822599074, -0.384386204711, 0.206546441098, -0.944347735127, -1.49674062882, -0.890913440417,  0.        , 0.        , 0.1273    , 0.18788049, 0.11625767, 0.1273    , 0.3380655 ,-0.45313777, 0.36673037, 0.63643986,-0.9353315 , 0.44412054, 0.7341468 ,-0.87487189, 0.44412054, 0.78720789,-0.9606223 , 0.38739421, 1.12932887
1.498, -0.973394630457, -0.375597569373, 0.17665898798, -0.955154663974, -1.49678145651, -0.826913443356,  0.        , 0.        , 0.1273    , 0.18444802, 0.12162999, 0.1273    , 0.35326748,-0.44663588, 0.356794  , 0.66335471,-0.91687331, 0.45803606, 0.7592766 ,-0.85361984, 0.45803606, 0.81666806,-0.94065216, 0.40785553, 1.10856821
1.52, -0.95896666291, -0.366808939991, 0.146771534901, -0.965961592394, -1.49682228384, -0.762913446565,  0.        , 0.        , 0.1273    , 0.18444802, 0.12162999, 0.1273    , 0.35326748,-0.44663588, 0.356794  , 0.66335471,-0.91687331, 0.45803606, 0.7592766 ,-0.85361984, 0.45803606, 0.81666806,-0.94065216, 0.40785553, 1.10856821
1.54, -0.944538696874, -0.358020316645, 0.11688408212, -0.976768520265, -1.49686311078, -0.698913450046,  0.        , 0.        , 0.1273    , 0.18086197, 0.12690104, 0.1273    , 0.36827319,-0.43948771, 0.34678675, 0.68905753,-0.89667614, 0.47170046, 0.78311449,-0.83068147, 0.47170046, 0.84470917,-0.91846746, 0.42827   , 1.08661796
1.56, -0.930110732746, -0.349231699376, 0.0869966298245, -0.98757544749, -1.49690393728, -0.6349134538,  0.        , 0.        , 0.1273    , 0.18086197, 0.12690104, 0.1273    , 0.36827319,-0.43948771, 0.34678675, 0.68905753,-0.89667614, 0.47170046, 0.78311449,-0.83068147, 0.47170046, 0.84470917,-0.91846746, 0.42827   , 1.08661796
1.582, -0.915682770522, -0.340443087978, 0.0571091773898, -0.998382374271, -1.49694476328, -0.570913457826,  0.        , 0.        , 0.1273    , 0.17901228, 0.12949721, 0.1273    , 0.37569322,-0.43567374, 0.34175751, 0.70142276,-0.88595054, 0.47842626, 0.7945178 ,-0.81860573, 0.47842626, 0.85815264,-0.90657224, 0.43843888, 1.07520348
1.599, -0.901254810371, -0.331654482352, 0.0272217246542, -1.00918930066, -1.49698558873, -0.506913462119,  0.        , 0.        , 0.1273    , 0.17520152, 0.13460815, 0.1273    , 0.39034938,-0.42757171, 0.33164973, 0.72512071,-0.86329901, 0.49164087, 0.81623397,-0.79329627, 0.49164087, 0.88379923,-0.88123698, 0.45865821, 1.05151002
1.621, -0.886826852631, -0.322865882506, -0.00266569800988, -1.01999622659, -1.49702641356, -0.442913466675,  0.        , 0.        , 0.1273    , 0.17520152, 0.13460815, 0.1273    , 0.39034938,-0.42757171, 0.33164973, 0.72512071,-0.86329901, 0.49164087, 0.81623397,-0.79329627, 0.49164087, 0.88379923,-0.88123698, 0.45865821, 1.05151002
1.639, -0.872398897715, -0.314077288506, -0.0325531812489, -1.03080315187, -1.4970672377, -0.378913471481,  0.        , 0.        , 0.1273    , 0.17124488, 0.13960701, 0.1273    , 0.40473634,-0.41884615, 0.32147883, 0.74736612,-0.83912299, 0.50450752, 0.83642173,-0.7665206 , 0.50450752, 0.90768249,-0.85393054, 0.47866383, 1.02668391
1.66, -0.857970945768, -0.305288700274, -0.0624406340243, -1.04161007653, -1.49710806109, -0.314913476523,  0.        , 0.        , 0.1273    , 0.16921288, 0.14206311, 0.1273    , 0.41181998,-0.41425306, 0.31637069, 0.75791716,-0.8264931 , 0.51079852, 0.84591603,-0.75261342, 0.51079852, 0.91892367,-0.8395736 , 0.48856561, 1.0138539 
1.68, -0.843542996781, -0.296500117657, -0.092328086908, -1.05241700065, -1.49714888367, -0.25091348178,  0.        , 0.        , 0.1273    , 0.16921288, 0.14206311, 0.1273    , 0.41181998,-0.41425306, 0.31637069, 0.75791716,-0.8264931 , 0.51079852, 0.84591603,-0.75261342, 0.51079852, 0.91892367,-0.8395736 , 0.48856561, 1.0138539 
1.699, -0.829115051036, -0.287711540707, -0.122215539528, -1.06322392409, -1.49718970537, -0.186913487227,  0.        , 0.        , 0.1273    , 0.16504365, 0.14688608, 0.1273    , 0.42575005,-0.40461407, 0.306111  , 0.77782566,-0.80021209, 0.52307242, 0.86365633,-0.72382423, 0.52307242, 0.93993146,-0.80952824, 0.50812525, 0.98737628
1.714, -0.814687108638, -0.278922969392, -0.152102991738, -1.07403084679, -1.49723052617, -0.122913492834,  0.        , 0.        , 0.1273    , 0.16504365, 0.14688608, 0.1273    , 0.42575005,-0.40461407, 0.306111  , 0.77782566,-0.80021209, 0.52307242, 0.86365633,-0.72382423, 0.52307242, 0.93993146,-0.80952824, 0.50812525, 0.98737628
1.738, -0.800259169586, -0.270134403648, -0.18199044351, -1.08483776873, -1.49727134603, -0.0589134985721,  0.        , 0.        , 0.1273    , 0.160737  , 0.15158675, 0.1273    , 0.43934093,-0.3943826 , 0.29579609, 0.79608073,-0.77265633, 0.53490483, 0.87967174,-0.69382389, 0.53490483, 0.95888159,-0.77781509, 0.52730424, 0.95983116
1.758, -0.785831233444, -0.26134584317, -0.211877895617, -1.0956446902, -1.49731216495, 0.0050864937079,  0.        , 0.        , 0.1273    , 0.160737  , 0.15158675, 0.1273    , 0.43934093,-0.3943826 , 0.29579609, 0.79608073,-0.77265633, 0.53490483, 0.87967174,-0.69382389, 0.53490483, 0.95888159,-0.77781509, 0.52730424, 0.95983116
1.779, -0.771403300143, -0.252557287906, -0.241765347986, -1.10645161118, -1.49735298293, 0.0690864897255,  0.        , 0.        , 0.1273    , 0.15629652, 0.15616121, 0.1273    , 0.45256568,-0.38357333, 0.28542913, 0.81261432,-0.74393397, 0.54625949, 0.89389607,-0.66272259, 0.54625949, 0.97567274,-0.74457011, 0.54603644, 0.93124672
1.8, -0.756975369622, -0.243768737832, -0.271652800462, -1.11725853162, -1.4973938, 0.133086483834,  0.        , 0.        , 0.1273    , 0.15629652, 0.15616121, 0.1273    , 0.45256568,-0.38357333, 0.28542913, 0.81261432,-0.74393397, 0.54625949, 0.89389607,-0.66272259, 0.54625949, 0.97567274,-0.74457011, 0.54603644, 0.93124672
1.821, -0.742547441906, -0.234980192994, -0.301540252649, -1.1280654514, -1.4974346162, 0.19708647796,  0.        , 0.        , 0.1273    , 0.15172592, 0.16060564, 0.1273    , 0.46539802,-0.3722022 , 0.27501333, 0.8273658 ,-0.71415714, 0.55710095, 0.90627061,-0.63063445, 0.55710095, 0.99021385,-0.70993655, 0.56425633, 0.90165227
1.839, -0.728119516638, -0.226191653223, -0.331427704904, -1.13887237064, -1.49747543158, 0.261086472141,  0.        , 0.        , 0.1273    , 0.15172592, 0.16060564, 0.1273    , 0.46539802,-0.3722022 , 0.27501333, 0.8273658 ,-0.71415714, 0.55710095, 0.90627061,-0.63063445, 0.55710095, 0.99021385,-0.70993655, 0.56425633, 0.90165227
1.859, -0.713691593613, -0.217403118453, -0.361315157241, -1.14967928936, -1.4975162462, 0.325086466409,  0.        , 0.        , 0.1273    , 0.14702898, 0.16491635, 0.1273    , 0.47781242,-0.36028631, 0.26455191, 0.84028223,-0.68344145, 0.56739457, 0.91674441,-0.59767698, 0.56739457, 1.0024247 ,-0.6740641 , 0.58189926, 0.87107818
1.879, -0.6992636728, -0.208614588736, -0.391202609291, -1.16048620743, -1.49755706014, 0.389086460791,  0.        , 0.        , 0.1273    , 0.14702898, 0.16491635, 0.1273    , 0.47781242,-0.36028631, 0.26455191, 0.84028223,-0.68344145, 0.56739457, 0.91674441,-0.59767698, 0.56739457, 1.0024247 ,-0.6740641 , 0.58189926, 0.87107818
1.897, -0.684835754069, -0.199826064064, -0.421090060893, -1.1712931248, -1.49759787346, 0.453086455312,  0.        , 0.        , 0.1273    , 0.14463436, 0.16702044, 0.1273    , 0.48385513,-0.35412977, 0.2593051 , 0.8460379 ,-0.66776847, 0.57232537, 0.92125476,-0.58090977, 0.57232537, 1.00763425,-0.65571165, 0.59048444, 0.85543354
1.919, -0.670407837056, -0.191037544289, -0.450977512369, -1.18210004159, -1.49763868623, 0.517086449992,  0.        , 0.        , 0.1273    , 0.1397553 , 0.17112388, 0.1273    , 0.49559649,-0.34143144, 0.2487813 , 0.85611974,-0.63586748, 0.5817343 , 0.92879925,-0.54687479, 0.5817343 , 1.01622396,-0.61827374, 0.60714298, 0.82344915
1.939, -0.655979921274, -0.182249029188, -0.480864964309, -1.19290695801, -1.49767949854, 0.58108644485,  0.        , 0.        , 0.1273    , 0.1397553 , 0.17112388, 0.1273    , 0.49559649,-0.34143144, 0.2487813 , 0.85611974,-0.63586748, 0.5817343 , 0.92879925,-0.54687479, 0.5817343 , 1.01622396,-0.61827374, 0.60714298, 0.82344915
1.957, -0.641552006615, -0.173460518763, -0.510752416537, -1.203713874, -1.49772031045, 0.645086439897,  0.        , 0.        , 0.1273    , 0.13475989, 0.17508483, 0.1273    , 0.50685969,-0.32823624, 0.23821999, 0.86426895,-0.60332821, 0.59051294, 0.93435061,-0.51227563, 0.59051294, 1.02233287,-0.57999412, 0.62306779, 0.79056534
1.979, -0.627124093027, -0.164672013048, -0.540639868779, -1.21452078947, -1.49776112204, 0.709086435143,  0.        , 0.        , 0.1273    , 0.13221984, 0.17701085, 0.1273    , 0.5123049 ,-0.32145886, 0.23292628, 0.86761076,-0.58685775, 0.59465611, 0.93637146,-0.49480355, 0.59465611, 1.02444427,-0.56059033, 0.63073616, 0.77379662
2.0, -0.612696180439, -0.155883512057, -0.570527320825, -1.22532770432, -1.49780193336, 0.773086430595,  0.        , 0.        , 0.1273    , 0.12965227, 0.17890001, 0.1273    , 0.5176222 ,-0.31456524, 0.22762442, 0.87046076,-0.57027411, 0.5986301 , 0.93788621,-0.47723745, 0.5986301 , 1.02592172,-0.54103847, 0.63819862, 0.75681573
2.02, -0.598268268479, -0.147095015614, -0.600414773118, -1.23613461873, -1.49784274447, 0.837086426258,  0.        , 0.        , 0.1273    , 0.12705771, 0.18075194, 0.1273    , 0.52280892,-0.30755818, 0.22231481, 0.87281715,-0.55359285, 0.6024312 , 0.93889331,-0.45959311, 0.6024312 , 1.02676222,-0.52135965, 0.64544792, 0.73962699
2.039, -0.583840357133, -0.138306523753, -0.630302225382, -1.24694153258, -1.49788355543, 0.901086422133,  0.        , 0.        , 0.1273    , 0.12705771, 0.18075194, 0.1273    , 0.52280892,-0.30755818, 0.22231481, 0.87281715,-0.55359285, 0.6024312 , 0.93889331,-0.45959311, 0.6024312 , 1.02676222,-0.52135965, 0.64544792, 0.73962699
2.059, -0.569412446382, -0.129518036497, -0.660189677379, -1.2577484458, -1.49792436629, 0.965086418219,  0.        , 0.        , 0.1273    , 0.12178979, 0.18434254, 0.1273    , 0.53278033,-0.29321523, 0.211674  , 0.8760445 ,-0.51999995, 0.6095002 , 0.93938108,-0.42413292, 0.6095002 , 1.02652438,-0.48170599, 0.65927848, 0.70464346
2.079, -0.554984536188, -0.120729553848, -0.690077128936, -1.26855535831, -1.49796517708, 1.02908641452,  0.        , 0.        , 0.1273    , 0.12178979, 0.18434254, 0.1273    , 0.53278033,-0.29321523, 0.211674  , 0.8760445 ,-0.51999995, 0.6095002 , 0.93938108,-0.42413292, 0.6095002 , 1.02652438,-0.48170599, 0.65927848, 0.70464346
2.099, -0.540556626123, -0.111941075565, -0.719964580713, -1.27936227034, -1.49800598784, 1.09308641102,  0.        , 0.        , 0.1273    , 0.11642048, 0.18777965, 0.1273    , 0.54219913,-0.27845356, 0.20100713, 0.87728872,-0.48620391, 0.61583486, 0.93783299,-0.38854942, 0.61583486, 1.02372258,-0.44179963, 0.67217208, 0.66888151
2.119, -0.526107662642, -0.103139777039, -0.749895645436, -1.2901849517, -1.49804685816, 1.15708640772,  0.        , 0.        , 0.1273    , 0.11642048, 0.18777965, 0.1273    , 0.54219913,-0.27845356, 0.20100713, 0.87728872,-0.48620391, 0.61583486, 0.93783299,-0.38854942, 0.61583486, 1.02372258,-0.44179963, 0.67217208, 0.66888151
2.134, -0.511603652216, -0.09430495252, -0.77994073933, -1.30104886395, -1.49808788421, 1.22108640461,  0.        , 0.        , 0.1273    , 0.1109502 , 0.19106276, 0.1273    , 0.55105266,-0.26328646, 0.19030969, 0.87655274,-0.45230445, 0.62141199, 0.9342522 ,-0.35294258, 0.62141199, 1.01835637,-0.4017819 , 0.68408335, 0.63235033
2.156, -0.497249014091, -0.0855611203537, -0.809676406928, -1.31180089115, -1.49812848777, 1.28508640173,  0.        , 0.        , 0.1273    , 0.1109502 , 0.19106276, 0.1273    , 0.55105266,-0.26328646, 0.19030969, 0.87655274,-0.45230445, 0.62141199, 0.9342522 ,-0.35294258, 0.62141199, 1.01835637,-0.4017819 , 0.68408335, 0.63235033
2.178, -0.483070840409, -0.076924780858, -0.839046529465, -1.32242074152, -1.49816859227, 1.34853413163,  0.        , 0.        , 0.1273    , 0.10539096, 0.19418463, 0.1273    , 0.55931103,-0.24775986, 0.17959954, 0.87384964,-0.41847124, 0.62619822, 0.92865804,-0.31748584, 0.62619822, 1.01044959,-0.36187705, 0.6949445 , 0.59513618
2.198, -0.469007116563, -0.0683581607451, -0.868179567688, -1.33295486478, -1.49820837312, 1.41091865182,  0.        , 0.        , 0.1273    , 0.10539096, 0.19418463, 0.1273    , 0.55931103,-0.24775986, 0.17959954, 0.87384964,-0.41847124, 0.62619822, 0.92865804,-0.31748584, 0.62619822, 1.01044959,-0.36187705, 0.6949445 , 0.59513618
2.217, -0.455181739132, -0.059936728775, -0.896818869814, -1.34331045904, -1.49824747985, 1.47224590201,  0.        , 0.        , 0.1273    , 0.09986552, 0.19708324, 0.1273    , 0.5668063 ,-0.23223302, 0.16910262, 0.86931959,-0.38552179, 0.63009671, 0.92125449,-0.28302897, 0.63009671, 1.00027773,-0.32307143, 0.70451727, 0.55806972
2.239, -0.441600830976, -0.0516642130731, -0.924951753732, -1.35348293867, -1.49828589518, 1.53248872515,  0.        , 0.        , 0.1273    , 0.09986552, 0.19708324, 0.1273    , 0.5668063 ,-0.23223302, 0.16910262, 0.86931959,-0.38552179, 0.63009671, 0.92125449,-0.28302897, 0.63009671, 1.00027773,-0.32307143, 0.70451727, 0.55806972
2.259, -0.428225382511, -0.0435168543565, -0.952659024715, -1.36350152161, -1.49832372916, 1.59182015484,  0.        , 0.        , 0.1273    , 0.09442737, 0.19974583, 0.1273    , 0.57351126,-0.21687558, 0.15890443, 0.86316634,-0.35380644, 0.63311658, 0.91227314,-0.24992895, 0.63311658, 0.98814176,-0.2857949 , 0.71276629, 0.52152102
2.282, -0.415099128062, -0.0355212874716, -0.979850092113, -1.37333345205, -1.49836085893, 1.65004620353,  0.        , 0.        , 0.1273    , 0.09174731, 0.20099093, 0.1273    , 0.57657646,-0.20928394, 0.15392391, 0.85954388,-0.33845146, 0.63431176, 0.90725691,-0.23392646, 0.63431176, 0.98142219,-0.26778104, 0.71640846, 0.50348651
2.302, -0.402229004267, -0.0276817406895, -1.00651058341, -1.38297353259, -1.49839726402, 1.70713609416,  0.        , 0.        , 0.1273    , 0.09174731, 0.20099093, 0.1273    , 0.57657646,-0.20928394, 0.15392391, 0.85954388,-0.33845146, 0.63431176, 0.90725691,-0.23392646, 0.63431176, 0.98142219,-0.26778104, 0.71640846, 0.50348651
2.319, -0.389596964442, -0.0199872212818, -1.03267788206, -1.39243528078, -1.49843299575, 1.76316987844,  0.        , 0.        , 0.1273    , 0.08649187, 0.20330785, 0.1273    , 0.58213905,-0.19436104, 0.14423906, 0.85136049,-0.30889407, 0.63610215, 0.89634044,-0.20316416, 0.63610215, 0.96689617,-0.2331802 , 0.72274749, 0.46808288
2.34, -0.377188788827, -0.0124290679432, -1.05838144522, -1.40172934798, -1.49846809435, 1.81821063495,  0.        , 0.        , 0.1273    , 0.08649187, 0.20330785, 0.1273    , 0.58213905,-0.19436104, 0.14423906, 0.85136049,-0.30889407, 0.63610215, 0.89634044,-0.20316416, 0.63610215, 0.96689617,-0.2331802 , 0.72274749, 0.46808288
2.359, -0.364991076318, -0.00499912869184, -1.08364903317, -1.41086577195, -1.49850259771, 1.87231780864,  0.        , 0.        , 0.1273    , 0.08137441, 0.20540967, 0.1273    , 0.58699693,-0.17979369, 0.13490639, 0.84207797,-0.28084575, 0.63715079, 0.8843966 ,-0.1740228 , 0.63715079, 0.95111413,-0.20045339, 0.72790697, 0.43356385
2.379, -0.352974659692, 0.00232030611182, -1.10854106602, -1.41986639983, -1.49853658835, 1.92562078111,  0.        , 0.        , 0.1273    , 0.08137441, 0.20540967, 0.1273    , 0.58699693,-0.17979369, 0.13490639, 0.84207797,-0.28084575, 0.63715079, 0.8843966 ,-0.1740228 , 0.63715079, 0.95111413,-0.20045339, 0.72790697, 0.43356385
2.401, -0.341167725947, 0.0095123168508, -1.13299915374, -1.42871011859, -1.49856998652, 1.97799451786,  0.        , 0.        , 0.1273    , 0.07637723, 0.20731967, 0.1273    , 0.59122078,-0.16554453, 0.12587997, 0.83182765,-0.25418486, 0.63752293, 0.8715475 ,-0.14636861, 0.63752293, 0.93423093,-0.16946139, 0.73198987, 0.3998178 
2.418, -0.329639241724, 0.0165346213982, -1.15688043231, -1.43734527053, -1.49860259712, 2.02913309466,  0.        , 0.        , 0.1273    , 0.07637723, 0.20731967, 0.1273    , 0.59122078,-0.16554453, 0.12587997, 0.83182765,-0.25418486, 0.63752293, 0.8715475 ,-0.14636861, 0.63752293, 0.93423093,-0.16946139, 0.73198987, 0.3998178 
2.44, -0.31836569885, 0.0234016300378, -1.18023359957, -1.44578946417, -1.49863448665, 2.07914079143,  0.        , 0.        , 0.1273    , 0.07151898, 0.20904536, 0.1273    , 0.59484492,-0.15167778, 0.11718127, 0.82079672,-0.22898082, 0.63727484, 0.85799005,-0.12026713, 0.63727484, 0.91650075,-0.14028492, 0.73506172, 0.36697771
2.453, -0.30730877242, 0.0301366891443, -1.2031380449, -1.45407140567, -1.49866576353, 2.12818760992,  0.        , 0.        , 0.1273    , 0.07151898, 0.20904536, 0.1273    , 0.59484492,-0.15167778, 0.11718127, 0.82079672,-0.22898082, 0.63727484, 0.85799005,-0.12026713, 0.63727484, 0.91650075,-0.14028492, 0.73506172, 0.36697771
2.48, -0.296508670131, 0.0367153076774, -1.22551047801, -1.46216097839, -1.49869631399, 2.17609519507,  0.        , 0.        , 0.1273    , 0.0691578 , 0.20983833, 0.1273    , 0.59643734,-0.14493601, 0.11297951, 0.81507231,-0.21699298, 0.63693927, 0.85103772,-0.10786691, 0.63693927, 0.907437  ,-0.12645479, 0.73623731, 0.35100641
2.503, -0.286000700956, 0.0431159786834, -1.24727775674, -1.47003173515, -1.49872603817, 2.22270692271,  0.        , 0.        , 0.1273    , 0.06455521, 0.21129967, 0.1273    , 0.5992283 ,-0.13179453, 0.10483528, 0.80325954,-0.19412912, 0.63588419, 0.83683137,-0.08424308, 0.63588419, 0.88896879,-0.10017184, 0.73793542, 0.31985575
2.519, -0.275748128652, 0.0493610795102, -1.2685159805, -1.47771119249, -1.49875503996, 2.26818574958,  0.        , 0.        , 0.1273    , 0.06455521, 0.21129967, 0.1273    , 0.5992283 ,-0.13179453, 0.10483528, 0.80325954,-0.19412912, 0.63588419, 0.83683137,-0.08424308, 0.63588419, 0.88896879,-0.10017184, 0.73793542, 0.31985575
2.537, -0.265727943476, 0.0554646257066, -1.28927281358, -1.48521658521, -1.49878338446, 2.31263374241,  0.        , 0.        , 0.1273    , 0.06015492, 0.21259424, 0.1273    , 0.60151471,-0.11923606, 0.09710329, 0.79119035,-0.17290601, 0.63438345, 0.82247381,-0.06234673, 0.63438345, 0.87036881,-0.07589892, 0.73882912, 0.29005373
2.563, -0.255963192267, 0.0614125790784, -1.3095005145, -1.49253065064, -1.49881100646, 2.35594866914,  0.        , 0.        , 0.1273    , 0.06015492, 0.21259424, 0.1273    , 0.60151471,-0.11923606, 0.09710329, 0.79119035,-0.17290601, 0.63438345, 0.82247381,-0.06234673, 0.63438345, 0.87036881,-0.07589892, 0.73882912, 0.29005373
2.579, -0.246474823386, 0.0671921797763, -1.32915568889, -1.49963769799, -1.4988378467, 2.39803760657,  0.        , 0.        , 0.1273    , 0.06015492, 0.21259424, 0.1273    , 0.60151471,-0.11923606, 0.09710329, 0.79119035,-0.17290601, 0.63438345, 0.82247381,-0.06234673, 0.63438345, 0.87036881,-0.07589892, 0.73882912, 0.29005373
2.597, -0.237232217502, 0.0728220791969, -1.34830176512, -1.50656066212, -1.49886399179, 2.43903637805,  0.        , 0.        , 0.1273    , 0.05593725, 0.21374272, 0.1273    , 0.60336091,-0.1072092 , 0.08973912, 0.77894482,-0.15316015, 0.63249698, 0.8080349 ,-0.04200361, 0.63249698, 0.85172308,-0.05343696, 0.7390198 , 0.26147151
2.618, -0.228185981715, 0.0783323634999, -1.36704106022, -1.51333653952, -1.49888958144, 2.47916408191,  0.        , 0.        , 0.1273    , 0.05192407, 0.21475292, 0.1273    , 0.6048079 ,-0.09577946, 0.08277227, 0.7667066 ,-0.13492416, 0.63029742, 0.79370963,-0.02324226, 0.63029742, 0.83327908,-0.03280957, 0.73859892, 0.23426082
2.636, -0.219369670556, 0.0837025936832, -1.38530406572, -1.51994019686, -1.49891452074, 2.51827187499,  0.        , 0.        , 0.1273    , 0.05192407, 0.21475292, 0.1273    , 0.6048079 ,-0.09577946, 0.08277227, 0.7667066 ,-0.13492416, 0.63029742, 0.79370963,-0.02324226, 0.63029742, 0.83327908,-0.03280957, 0.73859892, 0.23426082
2.658, -0.210850753651, 0.0888916726653, -1.40295101835, -1.52632109764, -1.49893861882, 2.55606047288,  0.        , 0.        , 0.1273    , 0.04807995, 0.21564611, 0.1273    , 0.60591406,-0.08484805, 0.07613381, 0.75447267,-0.11797033, 0.62782262, 0.77947657,-0.00582393, 0.62782262, 0.81500516,-0.0137453 , 0.7376473 , 0.20818465
2.673, -0.202651183405, 0.0938862291769, -1.41993644409, -1.53246279909, -1.49896181358, 2.59243249903,  0.        , 0.        , 0.1273    , 0.04807995, 0.21564611, 0.1273    , 0.60591406,-0.08484805, 0.07613381, 0.75447267,-0.11797033, 0.62782262, 0.77947657,-0.00582393, 0.62782262, 0.81500516,-0.0137453 , 0.7376473 , 0.20818465
2.698, -0.194704140025, 0.09872696497, -1.43639876036, -1.53841535111, -1.49898429404, 2.62768435594,  0.        , 0.        , 0.1273    , 0.04807995, 0.21564611, 0.1273    , 0.60591406,-0.08484805, 0.07613381, 0.75447267,-0.11797033, 0.62782262, 0.77947657,-0.00582393, 0.62782262, 0.81500516,-0.0137453 , 0.7376473 , 0.20818465
2.707, -0.186966938257, 0.103439880278, -1.45242638931, -1.54421072595, -1.49900618094, 2.6620053878,  0.        , 0.        , 0.1273    , 0.04446812, 0.21641976, 0.1273    , 0.60670649,-0.07459546, 0.069926  , 0.74254274,-0.10250596, 0.62517082, 0.76566831, 0.01004277, 0.62517082, 0.79732363, 0.0035385 , 0.73626594, 0.18367443
2.739, -0.179461984361, 0.108011326985, -1.46797291626, -1.54983214071, -1.49902741088, 2.69529620379,  0.        , 0.        , 0.1273    , 0.04106841, 0.21709056, 0.1273    , 0.6072359 ,-0.06496389, 0.06410763, 0.73094512,-0.08836676, 0.62238679, 0.75230268, 0.02453082, 0.62238679, 0.78025169, 0.01924353, 0.73453574, 0.16059565
2.757, -0.172236258531, 0.112412688474, -1.4829410217, -1.55524440597, -1.49904785098, 2.72734840715,  0.        , 0.        , 0.1273    , 0.04106841, 0.21709056, 0.1273    , 0.6072359 ,-0.06496389, 0.06410763, 0.73094512,-0.08836676, 0.62238679, 0.75230268, 0.02453082, 0.62238679, 0.78025169, 0.01924353, 0.73453574, 0.16059565
2.778, -0.165319131635, 0.116626074503, -1.497269864, -1.56042552224, -1.49906741813, 2.75803171364,  0.        , 0.        , 0.1273    , 0.03786618, 0.21767195, 0.1273    , 0.60754419,-0.05591079, 0.05864824, 0.71970845,-0.07542287, 0.61950985, 0.73940069, 0.03777706, 0.61950985, 0.76381106, 0.03353064, 0.73252574, 0.13885083
2.789, -0.158672517254, 0.120674684908, -1.51103833977, -1.56540401747, -1.49908622009, 2.78751506985,  0.        , 0.        , 0.1273    , 0.03786618, 0.21767195, 0.1273    , 0.60754419,-0.05591079, 0.05864824, 0.71970845,-0.07542287, 0.61950985, 0.73940069, 0.03777706, 0.61950985, 0.76381106, 0.03353064, 0.73252574, 0.13885083
2.819, -0.152101836081, 0.12467704288, -1.5246495207, -1.57032563696, -1.49910480728, 2.81666160013,  0.        , 0.        , 0.1273    , 0.03491034, 0.21816552, 0.1273    , 0.60766607,-0.04757243, 0.05362621, 0.70907815,-0.06380016, 0.61663557, 0.72723322, 0.04965646, 0.61663557, 0.74834111, 0.04627882, 0.7303437 , 0.11877376
2.836, -0.145525455243, 0.128682871543, -1.53827250811, -1.57525152546, -1.49912341061, 2.84583341233,  0.        , 0.        , 0.1273    , 0.0334761 , 0.21839019, 0.1273    , 0.60766926,-0.04353324, 0.05119517, 0.70383377,-0.05827389, 0.61516538, 0.72124297, 0.05529957, 0.61516538, 0.74073727, 0.05231137, 0.7291721 , 0.10903014
2.86, -0.139092731349, 0.132601194179, -1.55159790907, -1.58006981068, -1.49914160757, 2.87436798277,  0.        , 0.        , 0.1273    , 0.03203917, 0.21860562, 0.1273    , 0.60763595,-0.03949115, 0.04876325, 0.69852449,-0.05281191, 0.61364299, 0.71518641, 0.06087358, 0.61364299, 0.73305746, 0.05825437, 0.72792447, 0.09926711
2.878, -0.133060111964, 0.136275802697, -1.56409449192, -1.58458840641, -1.49915867273, 2.90112774961,  0.        , 0.        , 0.1273    , 0.03063229, 0.21880719, 0.1273    , 0.60756804,-0.03553829, 0.04638568, 0.69327389,-0.04753683, 0.61210454, 0.70920417, 0.06625349, 0.61210454, 0.72547994, 0.06397493, 0.72663138, 0.08970717
2.899, -0.127661366373, 0.139564303244, -1.57527800343, -1.58863221324, -1.49917394479, 2.92507574913,  0.        , 0.        , 0.1273    , 0.03063229, 0.21880719, 0.1273    , 0.60756804,-0.03553829, 0.04638568, 0.69327389,-0.04753683, 0.61210454, 0.70920417, 0.06625349, 0.61210454, 0.72547994, 0.06397493, 0.72663138, 0.08970717
2.919, -0.12297781638, 0.142417161629, -1.58497998611, -1.59214031921, -1.4991871937, 2.9458512521,  0.        , 0.        , 0.1273    , 0.02812908, 0.21914306, 0.1273    , 0.60736117,-0.02851718, 0.04216366, 0.68380687,-0.03832971, 0.60925012, 0.69843535, 0.07563527, 0.60925012, 0.7118596 , 0.07391214, 0.72415578, 0.07269501
2.94, -0.118818265623, 0.144950840944, -1.59359650471, -1.59525593602, -1.49919896033, 2.9643023784,  0.        , 0.        , 0.1273    , 0.02812908, 0.21914306, 0.1273    , 0.60736117,-0.02851718, 0.04216366, 0.68380687,-0.03832971, 0.60925012, 0.69843535, 0.07563527, 0.60925012, 0.7118596 , 0.07391214, 0.72415578, 0.07269501
2.958, -0.114921140182, 0.147324670607, -1.60166940881, -1.59817498915, -1.49920998461, 2.98158942669,  0.        , 0.        , 0.1273    , 0.0261901 , 0.21938324, 0.1273    , 0.60712552,-0.02308978, 0.0389004 , 0.67636697,-0.03135587, 0.60693613, 0.68998709, 0.08273402, 0.60693613, 0.70119241, 0.08139632, 0.72208447, 0.05951527
2.978, -0.111214114015, 0.149582706299, -1.60934852202, -1.60095165279, -1.49922047115, 2.99803322424,  0.        , 0.        , 0.1273    , 0.0261901 , 0.21938324, 0.1273    , 0.60712552,-0.02308978, 0.0389004 , 0.67636697,-0.03135587, 0.60693613, 0.68998709, 0.08273402, 0.60693613, 0.70119241, 0.08139632, 0.72208447, 0.05951527
2.999, -0.107658100903, 0.151748756371, -1.61671481147, -1.60361520358, -1.4992305305, 3.01380715139,  0.        , 0.        , 0.1273    , 0.02452114, 0.21957604, 0.1273    , 0.60687016,-0.01842632, 0.03609639, 0.66989069,-0.02546413, 0.60487242, 0.68264287, 0.08872603, 0.60487242, 0.69193218, 0.08768864, 0.72019424, 0.04816942
3.017, -0.104232432491, 0.153835410362, -1.62381109166, -1.60618112266, -1.49924022113, 3.02900288969,  0.        , 0.        , 0.1273    , 0.02452114, 0.21957604, 0.1273    , 0.60687016,-0.01842632, 0.03609639, 0.66989069,-0.02546413, 0.60487242, 0.68264287, 0.08872603, 0.60487242, 0.69193218, 0.08768864, 0.72019424, 0.04816942
3.038, -0.100932170463, 0.1558456763, -1.63064759226, -1.60865310894, -1.49924955701, 3.0436423446,  0.        , 0.        , 0.1273    , 0.02298754, 0.21974189, 0.1273    , 0.60659282,-0.01414801, 0.03352363, 0.66388215,-0.02014113, 0.60291743, 0.67583678, 0.09413527, 0.60291743, 0.68336125, 0.09334813, 0.71836982, 0.03774264
3.055, -0.0977654187277, 0.157774617891, -1.63720752596, -1.61102509236, -1.49925851522, 3.05768956835,  0.        , 0.        , 0.1273    , 0.02226221, 0.21981656, 0.1273    , 0.60644743,-0.0121269 , 0.03230806, 0.66102153,-0.01765396, 0.60197324, 0.67259896, 0.09666127, 0.60197324, 0.67928748, 0.09598388, 0.71747776, 0.03281081
3.079, -0.0947506355922, 0.159610991744, -1.64345265628, -1.61328324712, -1.49926704354, 3.07106268261,  0.        , 0.        , 0.1273    , 0.021566  , 0.21988596, 0.1273    , 0.60629932,-0.01018838, 0.03114204, 0.65826455,-0.01528503, 0.60105512, 0.66947991, 0.0990663 , 0.60105512, 0.67536538, 0.09848906, 0.71660389, 0.0280767 
3.099, -0.0919139459425, 0.161338884584, -1.64932886542, -1.61540800496, -1.49927506807, 3.08364580131,  0.        , 0.        , 0.1273    , 0.021566  , 0.21988596, 0.1273    , 0.60629932,-0.01018838, 0.03114204, 0.65826455,-0.01528503, 0.60105512, 0.66947991, 0.0990663 , 0.60105512, 0.67536538, 0.09848906, 0.71660389, 0.0280767 
3.119, -0.0892864534213, 0.162939350468, -1.65477172207, -1.6173760684, -1.49928250081, 3.09530095341,  0.        , 0.        , 0.1273    , 0.02090299, 0.21994997, 0.1273    , 0.60615047,-0.00834367, 0.0300323 , 0.655629  ,-0.01304587, 0.60017005, 0.66649957, 0.10133875, 0.60017005, 0.67161972, 0.10085215, 0.71575567, 0.02356821
3.139, -0.0869015526075, 0.164392047995, -1.65971204925, -1.61916242396, -1.4992892473, 3.10588000561,  0.        , 0.        , 0.1273    , 0.01970084, 0.22006091, 0.1273    , 0.60586123,-0.00500228, 0.02802178, 0.65082553,-0.00902769, 0.59853847, 0.66107092, 0.10541462, 0.59853847, 0.66480219, 0.10508058, 0.71417781, 0.01539298
3.159, -0.0847922411963, 0.165676877527, -1.66408149214, -1.62074235547, -1.4992952142, 3.11523658517,  0.        , 0.        , 0.1273    , 0.01970084, 0.22006091, 0.1273    , 0.60586123,-0.00500228, 0.02802178, 0.65082553,-0.00902769, 0.59853847, 0.66107092, 0.10541462, 0.59853847, 0.66480219, 0.10508058, 0.71417781, 0.01539298
3.179, -0.0829884321792, 0.166775618394, -1.66781808588, -1.62209345728, -1.49930031688, 3.12323800266,  0.        , 0.        , 0.1273    , 0.01871164, 0.22014722, 0.1273    , 0.60560454,-0.00225616, 0.02636897, 0.64684942,-0.00576181, 0.59717004, 0.65658038, 0.10872538, 0.59717004, 0.6591678 , 0.10850546, 0.7128409 , 0.00866553
3.199, -0.0815142660245, 0.167673566114, -1.67087182348, -1.62319764753, -1.49930448706, 3.12977717469,  0.        , 0.        , 0.1273    , 0.01871164, 0.22014722, 0.1273    , 0.60560454,-0.00225616, 0.02636897, 0.64684942,-0.00576181, 0.59717004, 0.65658038, 0.10872538, 0.59717004, 0.6591678 , 0.10850546, 0.7128409 , 0.00866553
3.219, -0.0803854228565, 0.168361169601, -1.67321022353, -1.62404318139, -1.49930768037, 3.13478454672,  0.        , 0.        , 0.1273    , 0.01798991, 0.22020738, 0.1273    , 0.60540662,-0.00025449, 0.02516393, 0.64393518,-0.00340209, 0.59615687, 0.6532908 , 0.11111639, 0.59615687, 0.65504316, 0.11097323, 0.71184351, 0.00375701
3.239, -0.0796064346354, 0.16883566838, -1.67482389813, -1.62462666432, -1.499309884, 3.1382400158,  0.        , 0.        , 0.1273    , 0.01798991, 0.22020738, 0.1273    , 0.60540662,-0.00025449, 0.02516393, 0.64393518,-0.00340209, 0.59615687, 0.6532908 , 0.11111639, 0.59615687, 0.65504316, 0.11097323, 0.71184351, 0.00375701
3.259, -0.0791679973345, 0.169102729801, -1.67573212069, -1.62495506533, -1.49931112426, 3.14018485334,  0.        , 0.        , 0.1273    , 0.01756975, 0.2202413 , 0.1273    , 0.60528728, 0.00091   , 0.02446277, 0.64223362,-0.0020374 , 0.59556134, 0.65137074, 0.11249872, 0.59556134, 0.65263682, 0.11239772, 0.71125436, 0.00090108
3.279, -0.079043522823, 0.169178549392, -1.67598996872, -1.62504829969, -1.49931147638, 3.14073700053,  0.        , 0.        , 0.1273    , 0.01747319, 0.22024898, 0.1273    , 0.60525943, 0.00117755, 0.02430166, 0.64184203,-0.00172469, 0.59542387, 0.65092893, 0.11281543, 0.59542387, 0.65208323, 0.11272385, 0.71111807, 0.00025058
3.3, -0.0790435229956, 0.169178549794, -1.67598996871, -1.62504829969, -1.49931147638, 3.14073700053,  0.        , 0.        , 0.1273    , 0.01747319, 0.22024898, 0.1273    , 0.60525943, 0.00117755, 0.02430166, 0.64184203,-0.00172469, 0.59542387, 0.65092893, 0.11281543, 0.59542387, 0.65208323, 0.11272385, 0.71111807, 0.00025058
3.319, -0.0790435229925, 0.169178549723, -1.67598996872, -1.62504829969, -1.49931147638, 3.14073700053,  0.        , 0.        , 0.1273    , 0.01744578, 0.22025115, 0.1273    , 0.60525149, 0.00125351, 0.02425592, 0.64173081,-0.00163597, 0.5953848 , 0.65080346, 0.11290528, 0.5953848 , 0.65192603, 0.11281636, 0.71107932, 0.00008571
3.339, -0.0790435229914, 0.169178549736, -1.67598996872, -1.62504829969, -1.49931147638, 3.14073700053,  0.        , 0.        , 0.1273    , 0.01744578, 0.22025115, 0.1273    , 0.60525149, 0.00125351, 0.02425592, 0.64173081,-0.00163597, 0.5953848 , 0.65080346, 0.11290528, 0.5953848 , 0.65192603, 0.11281636, 0.71107932, 0.00008571
3.359, -0.0790435229916, 0.169178549734, -1.67598996872, -1.62504829969, -1.49931147638, 3.14073700053,  0.        , 0.        , 0.1273    , 0.01744578, 0.22025115, 0.1273    , 0.60525149, 0.00125351, 0.02425592, 0.64173081,-0.00163597, 0.5953848 , 0.65080346, 0.11290528, 0.5953848 , 0.65192603, 0.11281636, 0.71107932, 0.00008571
3.379, -0.0790435229916, 0.169178549734, -1.67598996872, -1.62504829969, -1.49931147638, 3.14073700053,  0.        , 0.        , 0.1273    , 0.01744578, 0.22025115, 0.1273    , 0.60525149, 0.00125351, 0.02425592, 0.64173081,-0.00163597, 0.5953848 , 0.65080346, 0.11290528, 0.5953848 , 0.65192603, 0.11281636, 0.71107932, 0.00008571
3.399, -0.0790435229916, 0.169178549734, -1.67598996872, -1.62504829969, -1.49931147638, 3.14073700053,  0.        , 0.        , 0.1273    , 0.01744578, 0.22025115, 0.1273    , 0.60525149, 0.00125351, 0.02425592, 0.64173081,-0.00163597, 0.5953848 , 0.65080346, 0.11290528, 0.5953848 , 0.65192603, 0.11281636, 0.71107932, 0.00008571
3.419, -0.0790435229916, 0.169178549734, -1.67598996872, -1.62504829969, -1.49931147638, 3.14073700053,  0.        , 0.        , 0.1273    , 0.01744578, 0.22025115, 0.1273    , 0.60525149, 0.00125351, 0.02425592, 0.64173081,-0.00163597, 0.5953848 , 0.65080346, 0.11290528, 0.5953848 , 0.65192603, 0.11281636, 0.71107932, 0.00008571
