t, j0, j1, j2, j3, j4, j5, l0x, l0y, l0z, l1x, l1y, l1z, l2x, l2y, l2z, l3x, l3y, l3z, l4x, l4y, l4z, l5x, l5y, l5z, l6x, l6y, l6z, ed
0.0179999999999, -0.693437376327, -1.44692657714, 1.24891219094, 0.197704863118, -0.693453019501, -3.14115924246,  0.        , 0.        , 0.1273    , 0.14122206, 0.16991544, 0.1273    , 0.08949789,-0.01061651, 0.73461082, 0.52102667,-0.36927363, 0.84719534, 0.59446897,-0.28090939, 0.84719534, 0.59449651,-0.28093228, 0.73149535, 0.39842258
0.038, -0.693437376327, -1.44692657714, 1.24891219094, 0.197704863118, -0.693453019501, -3.14115924246,  0.        , 0.        , 0.1273    , 0.14122206, 0.16991544, 0.1273    , 0.08949789,-0.01061651, 0.73461082, 0.52102667,-0.36927363, 0.84719534, 0.59446897,-0.28090939, 0.84719534, 0.59449651,-0.28093228, 0.73149535, 0.39842258
0.057, -0.693437376327, -1.44692657714, 1.24891219094, 0.197704863118, -0.693453019501, -3.14115924246,  0.        , 0.        , 0.1273    , 0.14122206, 0.16991544, 0.1273    , 0.08949789,-0.01061651, 0.73461082, 0.52102667,-0.36927363, 0.84719534, 0.59446897,-0.28090939, 0.84719534, 0.59449651,-0.28093228, 0.73149535, 0.39842258
0.081, -0.693437376327, -1.44692657714, 1.24891219094, 0.197704863118, -0.693453019501, -3.14115924246,  0.        , 0.        , 0.1273    , 0.14122206, 0.16991544, 0.1273    , 0.08949789,-0.01061651, 0.73461082, 0.52102667,-0.36927363, 0.84719534, 0.59446897,-0.28090939, 0.84719534, 0.59449651,-0.28093228, 0.73149535, 0.39842258
0.098, -0.693437376327, -1.44692657714, 1.24891219094, 0.197704863118, -0.693453019501, -3.14115924246,  0.        , 0.        , 0.1273    , 0.14122206, 0.16991544, 0.1273    , 0.08949789,-0.01061651, 0.73461082, 0.52102667,-0.36927363, 0.84719534, 0.59446897,-0.28090939, 0.84719534, 0.59449651,-0.28093228, 0.73149535, 0.39842258
0.117, -0.693437376327, -1.44692657714, 1.24891219094, 0.197704863118, -0.693453019501, -3.14115924246,  0.        , 0.        , 0.1273    , 0.14122206, 0.16991544, 0.1273    , 0.08949789,-0.01061651, 0.73461082, 0.52102667,-0.36927363, 0.84719534, 0.59446897,-0.28090939, 0.84719534, 0.59449651,-0.28093228, 0.73149535, 0.39842258
0.137, -0.693437376327, -1.44692657714, 1.24891219094, 0.197704863118, -0.693453019501, -3.14115924246,  0.        , 0.        , 0.1273    , 0.14122206, 0.16991544, 0.1273    , 0.08949789,-0.01061651, 0.73461082, 0.52102667,-0.36927363, 0.84719534, 0.59446897,-0.28090939, 0.84719534, 0.59449651,-0.28093228, 0.73149535, 0.39842258
0.157, -0.693437376327, -1.44692657714, 1.24891219094, 0.197704863118, -0.693453019501, -3.14115924246,  0.        , 0.        , 0.1273    , 0.14122206, 0.16991544, 0.1273    , 0.08949789,-0.01061651, 0.73461082, 0.52102667,-0.36927363, 0.84719534, 0.59446897,-0.28090939, 0.84719534, 0.59449651,-0.28093228, 0.73149535, 0.39842258
0.177, -0.693437376327, -1.44692657714, 1.24891219094, 0.197704863118, -0.693453019501, -3.14115924246,  0.        , 0.        , 0.1273    , 0.14122206, 0.16991544, 0.1273    , 0.08949789,-0.01061651, 0.73461082, 0.52102667,-0.36927363, 0.84719534, 0.59446897,-0.28090939, 0.84719534, 0.59449651,-0.28093228, 0.73149535, 0.39842258
0.197, -0.693437376327, -1.44692657714, 1.24891219094, 0.197704863118, -0.693453019501, -3.14115924246,  0.        , 0.        , 0.1273    , 0.14122206, 0.16991544, 0.1273    , 0.08949789,-0.01061651, 0.73461082, 0.52102667,-0.36927363, 0.84719534, 0.59446897,-0.28090939, 0.84719534, 0.59449651,-0.28093228, 0.73149535, 0.39842258
0.217, -0.693437376327, -1.44692657714, 1.24891219094, 0.197704863118, -0.693453019501, -3.14115924246,  0.        , 0.        , 0.1273    , 0.14122206, 0.16991544, 0.1273    , 0.08949789,-0.01061651, 0.73461082, 0.52102667,-0.36927363, 0.84719534, 0.59446897,-0.28090939, 0.84719534, 0.59449651,-0.28093228, 0.73149535, 0.39842258
0.237, -0.693437376327, -1.44692657714, 1.24891219094, 0.197704863118, -0.693453019501, -3.14115924246,  0.        , 0.        , 0.1273    , 0.14122206, 0.16991544, 0.1273    , 0.08949789,-0.01061651, 0.73461082, 0.52102667,-0.36927363, 0.84719534, 0.59446897,-0.28090939, 0.84719534, 0.59449651,-0.28093228, 0.73149535, 0.39842258
0.257, -0.693437376327, -1.44692657714, 1.24891219094, 0.197704863118, -0.693453019501, -3.14115924246,  0.        , 0.        , 0.1273    , 0.14122206, 0.16991544, 0.1273    , 0.08949789,-0.01061651, 0.73461082, 0.52102667,-0.36927363, 0.84719534, 0.59446897,-0.28090939, 0.84719534, 0.59449651,-0.28093228, 0.73149535, 0.39842258
0.276, -0.693426731381, -1.44689857217, 1.24886153248, 0.197673297249, -0.69346697754, -3.14105044374,  0.        , 0.        , 0.1273    , 0.14122206, 0.16991544, 0.1273    , 0.08949789,-0.01061651, 0.73461082, 0.52102667,-0.36927363, 0.84719534, 0.59446897,-0.28090939, 0.84719534, 0.59449651,-0.28093228, 0.73149535, 0.39842258
0.297, -0.693344679736, -1.44668270938, 1.24847105292, 0.197429984774, -0.693574567263, -3.14021181453,  0.        , 0.        , 0.1273    , 0.14122206, 0.16991544, 0.1273    , 0.08949789,-0.01061651, 0.73461082, 0.52102667,-0.36927363, 0.84719534, 0.59446897,-0.28090939, 0.84719534, 0.59449651,-0.28093228, 0.73149535, 0.39842258
0.317, -0.693132996177, -1.44612581399, 1.24746365582, 0.196802262714, -0.693852137788, -3.13804823766,  0.        , 0.        , 0.1273    , 0.14120631, 0.16992853, 0.1273    , 0.08961278,-0.01070287, 0.73459237, 0.52115771,-0.36930579, 0.84728757, 0.59459182,-0.28093474, 0.84728757, 0.59466138,-0.28099254, 0.73158761, 0.39846316
0.337, -0.692755267003, -1.44513209972, 1.24566603988, 0.195682143217, -0.694347439399, -3.1341875163,  0.        , 0.        , 0.1273    , 0.14120631, 0.16992853, 0.1273    , 0.08961278,-0.01070287, 0.73459237, 0.52115771,-0.36930579, 0.84728757, 0.59459182,-0.28093474, 0.84728757, 0.59466138,-0.28099254, 0.73158761, 0.39846316
0.358, -0.692193717042, -1.4436548195, 1.2429935999, 0.194016905323, -0.695083783823, -3.12844794552,  0.        , 0.        , 0.1273    , 0.14110612, 0.17001173, 0.1273    , 0.09034361,-0.0112514 , 0.73447416, 0.52199072,-0.36950933, 0.84787312, 0.59537272,-0.28109501, 0.84787312, 0.5957096 ,-0.28137462, 0.73217394, 0.39872236
0.377, -0.691446020919, -1.44168787525, 1.23943525264, 0.191799640006, -0.696064225158, -3.12080572309,  0.        , 0.        , 0.1273    , 0.14110612, 0.17001173, 0.1273    , 0.09034361,-0.0112514 , 0.73447416, 0.52199072,-0.36950933, 0.84787312, 0.59537272,-0.28109501, 0.84787312, 0.5957096 ,-0.28137462, 0.73217394, 0.39872236
0.398, -0.690522114294, -1.43925742762, 1.23503826283, 0.189059795227, -0.697275740788, -3.11136236021,  0.        , 0.        , 0.1273    , 0.14101063, 0.17009094, 0.1273    , 0.09104038,-0.01177308, 0.73436018, 0.52278395,-0.36970181, 0.84842949, 0.59611629,-0.2812463 , 0.84842949, 0.59670811,-0.28173693, 0.73273204, 0.39897117
0.412, -0.689441005111, -1.43641350567, 1.22989306906, 0.185853720978, -0.698693412317, -3.10031209226,  0.        , 0.        , 0.1273    , 0.14072611, 0.17032641, 0.1273    , 0.09311729,-0.01332069, 0.73401307, 0.52514295,-0.37026646, 0.85007701, 0.59832733,-0.28168849, 0.85007701, 0.59967942,-0.2828056 , 0.7343903 , 0.3997224 
0.432, -0.688227584848, -1.43322161663, 1.22411810976, 0.182255214341, -0.700284606482, -3.08790928958,  0.        , 0.        , 0.1273    , 0.14072611, 0.17032641, 0.1273    , 0.09311729,-0.01332069, 0.73401307, 0.52514295,-0.37026646, 0.85007701, 0.59832733,-0.28168849, 0.85007701, 0.59967942,-0.2828056 , 0.7343903 , 0.3997224 
0.454, -0.686909439764, -1.42975435556, 1.21784464912, 0.178346064529, -0.702013156084, -3.07443586817,  0.        , 0.        , 0.1273    , 0.14054189, 0.17047845, 0.1273    , 0.09446274,-0.01431737, 0.73378234, 0.52666681,-0.37062502, 0.85113561, 0.59975539,-0.28196798, 0.85113561, 0.60160026,-0.28348889, 0.73546032, 0.40021661
0.477, -0.685513662151, -1.42608301514, 1.21120160304, 0.174206597942, -0.703843540907, -3.06016870048,  0.        , 0.        , 0.1273    , 0.14010986, 0.1708337 , 0.1273    , 0.09761998,-0.01663813, 0.73322288, 0.53022938,-0.37144426, 0.85359317, 0.60309328,-0.28260248, 0.85359317, 0.60609533,-0.28506462, 0.73795834, 0.40139889
0.497, -0.684063661581, -1.42226919531, 1.20430036506, 0.169906223211, -0.705745068642, -3.04534702615,  0.        , 0.        , 0.1273    , 0.14010986, 0.1708337 , 0.1273    , 0.09761998,-0.01663813, 0.73322288, 0.53022938,-0.37144426, 0.85359317, 0.60309328,-0.28260248, 0.85359317, 0.60609533,-0.28506462, 0.73795834, 0.40139889
0.517, -0.682575976155, -1.41835641309, 1.19721963234, 0.165493976251, -0.707696055811, -3.03013986273,  0.        , 0.        , 0.1273    , 0.13962314, 0.17123173, 0.1273    , 0.10118004,-0.01922487, 0.73256195, 0.53422419,-0.37233106, 0.85632008, 0.60683497,-0.28328228, 0.85632008, 0.61114303,-0.28679509, 0.74075369, 0.40276859
0.537, -0.68105708376, -1.41436171218, 1.18999023156, 0.160989065303, -0.709688008694, -3.0146134165,  0.        , 0.        , 0.1273    , 0.13962314, 0.17123173, 0.1273    , 0.10118004,-0.01922487, 0.73256195, 0.53422419,-0.37233106, 0.85632008, 0.60683497,-0.28328228, 0.85632008, 0.61114303,-0.28679509, 0.74075369, 0.40276859
0.557, -0.679500213314, -1.41026727281, 1.18257994487, 0.156371415985, -0.711729804247, -2.99869849314,  0.        , 0.        , 0.1273    , 0.13910769, 0.17165074, 0.1273    , 0.1049535 ,-0.02193216, 0.73182689, 0.53843283,-0.37322867, 0.85916   , 0.61077555,-0.28396199, 0.85916   , 0.61646907,-0.28857608, 0.74369233, 0.40426066
0.576, -0.677882156023, -1.40601202138, 1.17487833584, 0.151572216336, -0.713851871032, -2.98215790853,  0.        , 0.        , 0.1273    , 0.13910769, 0.17165074, 0.1273    , 0.1049535 ,-0.02193216, 0.73182689, 0.53843283,-0.37322867, 0.85916   , 0.61077555,-0.28396199, 0.85916   , 0.61646907,-0.28857608, 0.74369233, 0.40426066
0.592, -0.676153031722, -1.40146471785, 1.16664803932, 0.146443563411, -0.716119610595, -2.96448187498,  0.        , 0.        , 0.1273    , 0.13856201, 0.17209153, 0.1273    , 0.10895157,-0.02476229, 0.7310097 , 0.54286345,-0.37413277, 0.86211288, 0.61492239,-0.28463685, 0.86211288, 0.62208483,-0.2904038 , 0.74677888, 0.40588429
0.615, -0.674186427728, -1.39629288459, 1.1572873844, 0.140610535145, -0.71869880415, -2.94437819473,  0.        , 0.        , 0.1273    , 0.13856201, 0.17209153, 0.1273    , 0.10895157,-0.02476229, 0.7310097 , 0.54286345,-0.37413277, 0.86211288, 0.61492239,-0.28463685, 0.86211288, 0.62208483,-0.2904038 , 0.74677888, 0.40588429
0.635, -0.671918185233, -1.39032779248, 1.14649098781, 0.133882834222, -0.721673595654, -2.9211910025,  0.        , 0.        , 0.1273    , 0.13792506, 0.17260244, 0.1273    , 0.11362237,-0.02801933, 0.73000548, 0.54800276,-0.37512879, 0.86548978, 0.61973046,-0.28536717, 0.86548978, 0.6286097 ,-0.29246249, 0.75034941, 0.40783338
0.657, -0.669399448342, -1.38370394186, 1.13450228542, 0.126412156004, -0.72497690987, -2.89544312037,  0.        , 0.        , 0.1273    , 0.1375332 , 0.17291485, 0.1273    , 0.11649784,-0.02999831, 0.72936094, 0.55114708,-0.3757101 , 0.86753001, 0.62267099,-0.28578602, 0.86753001, 0.63260729,-0.29368917, 0.75252871, 0.40905962
0.672, -0.66673623429, -1.37670014037, 1.12182589903, 0.118512952089, -0.72846970554, -2.86821831389,  0.        , 0.        , 0.1273    , 0.1375332 , 0.17291485, 0.1273    , 0.11649784,-0.02999831, 0.72936094, 0.55114708,-0.3757101 , 0.86753001, 0.62267099,-0.28578602, 0.86753001, 0.63260729,-0.29368917, 0.75252871, 0.40905962
0.694, -0.664027129165, -1.3695756531, 1.10893107946, 0.1104776329, -0.732022687361, -2.84052438312,  0.        , 0.        , 0.1273    , 0.13663532, 0.17362521, 0.1273    , 0.12309111,-0.03446173, 0.72780811, 0.55830097,-0.37695254, 0.87209851, 0.62935794,-0.28665904, 0.87209851, 0.64171782,-0.29638571, 0.75747253, 0.41194131
0.716, -0.661300983498, -1.36240635268, 1.09595514966, 0.102391770258, -0.735598017971, -2.81265625371,  0.        , 0.        , 0.1273    , 0.13663532, 0.17362521, 0.1273    , 0.12309111,-0.03446173, 0.72780811, 0.55830097,-0.37695254, 0.87209851, 0.62935794,-0.28665904, 0.87209851, 0.64171782,-0.29638571, 0.75747253, 0.41194131
0.737, -0.658478028647, -1.35498246131, 1.08251842596, 0.0940187668351, -0.739300313739, -2.78379848709,  0.        , 0.        , 0.1273    , 0.13568961, 0.17436529, 0.1273    , 0.13004093,-0.03905614, 0.72605955, 0.5657583 ,-0.37812776, 0.87675159, 0.63632346,-0.28744938, 0.87675159, 0.65123658,-0.29905464, 0.76260517, 0.41507461
0.757, -0.655495943304, -1.34714008342, 1.06832427078, 0.0851737749861, -0.743211308887, -2.75331400098,  0.        , 0.        , 0.1273    , 0.13568961, 0.17436529, 0.1273    , 0.13004093,-0.03905614, 0.72605955, 0.5657583 ,-0.37812776, 0.87675159, 0.63632346,-0.28744938, 0.87675159, 0.65123658,-0.29905464, 0.76260517, 0.41507461
0.777, -0.652366350547, -1.3389097858, 1.0534280076, 0.0758912691257, -0.747315759835, -2.72132161243,  0.        , 0.        , 0.1273    , 0.13467513, 0.17515003, 0.1273    , 0.13749983,-0.0438632 , 0.72405693, 0.57366768,-0.37923832, 0.88156384, 0.64370526,-0.28815183, 0.88156384, 0.66135545,-0.30172329, 0.76802629, 0.41853308
0.797, -0.649129660965, -1.3303978417, 1.03802198317, 0.0662911088189, -0.751560668205, -2.68823442053,  0.        , 0.        , 0.1273    , 0.13412633, 0.17557065, 0.1273    , 0.14153564,-0.04641145, 0.72291956, 0.5779069 ,-0.3797751 , 0.88409055, 0.64765908,-0.28846987, 0.88409055, 0.66678825,-0.30308351, 0.77092251, 0.42044066
0.817, -0.645815235722, -1.32168146624, 1.02224595093, 0.0564603804414, -0.755907526953, -2.65435257075,  0.        , 0.        , 0.1273    , 0.13355736, 0.17600386, 0.1273    , 0.14571973,-0.04901469, 0.72170082, 0.58227218,-0.38028465, 0.88665375, 0.65172846,-0.28875414, 0.88665375, 0.67238913,-0.30443211, 0.77389814, 0.4224422 
0.837, -0.642406779914, -1.31271780683, 1.00602235001, 0.0463507524278, -0.760377706864, -2.61950948729,  0.        , 0.        , 0.1273    , 0.13355736, 0.17600386, 0.1273    , 0.14571973,-0.04901469, 0.72170082, 0.58227218,-0.38028465, 0.88665375, 0.65172846,-0.28875414, 0.88665375, 0.67238913,-0.30443211, 0.77389814, 0.4224422 
0.857, -0.63887712867, -1.30343542411, 0.989221880761, 0.0358816525933, -0.765006834599, -2.58342747604,  0.        , 0.        , 0.1273    , 0.13237109, 0.17689776, 0.1273    , 0.1544414 ,-0.05431617, 0.71903189, 0.59127493,-0.381195  , 0.89181495, 0.6601143 ,-0.28919961, 0.89181495, 0.68396005,-0.30704318, 0.78001389, 0.42668216
0.877, -0.635225427333, -1.29383207049, 0.971840475053, 0.025050545887, -0.769796031081, -2.54609779995,  0.        , 0.        , 0.1273    , 0.13174588, 0.17736388, 0.1273    , 0.15903603,-0.05704191, 0.71755654, 0.59596545,-0.38159306, 0.89443651, 0.66447968,-0.28935527, 0.89443651, 0.68999865,-0.30831076, 0.78318921, 0.42894704
0.897, -0.631458593258, -1.28392593759, 0.953911058098, 0.0138779494436, -0.774736224244, -2.50759117182,  0.        , 0.        , 0.1273    , 0.13109733, 0.1778438 , 0.1273    , 0.16379994,-0.05981972, 0.71597665, 0.60079095,-0.38194708, 0.89708467, 0.66896789,-0.28945971, 0.89708467, 0.69621779,-0.30954694, 0.78644816, 0.43131407
0.919, -0.62757608352, -1.27371559772, 0.935431045497, 0.00236225456228, -0.779828126186, -2.46790204121,  0.        , 0.        , 0.1273    , 0.13042649, 0.17833636, 0.1273    , 0.16872441,-0.06263986, 0.71429007, 0.60573874,-0.38225078, 0.89974795, 0.67356682,-0.28950725, 0.89974795, 0.70260129,-0.31074164, 0.78978163, 0.43377757
0.937, -0.623549616121, -1.2631266742, 0.916265819956, -0.00958043006929, -0.785108828774, -2.42674129342,  0.        , 0.        , 0.1273    , 0.13042649, 0.17833636, 0.1273    , 0.16872441,-0.06263986, 0.71429007, 0.60573874,-0.38225078, 0.89974795, 0.67356682,-0.28950725, 0.89974795, 0.70260129,-0.31074164, 0.78978163, 0.43377757
0.958, -0.619376508874, -1.25215211291, 0.896402615045, -0.0219580545161, -0.790581849622, -2.38408151024,  0.        , 0.        , 0.1273    , 0.12901197, 0.17936231, 0.1273    , 0.17909479,-0.06841016, 0.71056163, 0.6160247 ,-0.38268571, 0.90511347, 0.68311716,-0.28940864, 0.90511347, 0.71589202,-0.31298298, 0.79668584, 0.439006  
0.977, -0.61510331849, -1.24091435028, 0.876063031806, -0.0346325310957, -0.796186129752, -2.34039861953,  0.        , 0.        , 0.1273    , 0.12826235, 0.17989913, 0.1273    , 0.18458151,-0.07137161, 0.70849255, 0.62139376,-0.38280484, 0.90782065, 0.68809638,-0.28924859, 0.90782065, 0.72283927,-0.31401917, 0.80027606, 0.44178633
0.997, -0.610749100022, -1.22946349834, 0.855337768193, -0.0475473421188, -0.801896678643, -2.29588741141,  0.        , 0.        , 0.1273    , 0.12749244, 0.18044557, 0.1273    , 0.19020901,-0.07434398, 0.70630132, 0.62684823,-0.38284809, 0.91050391, 0.69315046,-0.28900767, 0.91050391, 0.72990315,-0.314975  , 0.80391391, 0.44464232
1.017, -0.606281245491, -1.21771380353, 0.834071616158, -0.0607992044622, -0.807756261649, -2.25021454885,  0.        , 0.        , 0.1273    , 0.12670553, 0.18099899, 0.1273    , 0.19595162,-0.07730975, 0.70399332, 0.63235969,-0.38281045, 0.91314543, 0.69825269,-0.28868222, 0.91314543, 0.73704644,-0.31583918, 0.80758012, 0.44755662
1.034, -0.601703173, -1.20567425465, 0.812280845545, -0.0743779796609, -0.813760395856, -2.20341497423,  0.        , 0.        , 0.1273    , 0.12589559, 0.18156328, 0.1273    , 0.20185163,-0.0802864 , 0.70154649, 0.63796483,-0.38268637, 0.91575859, 0.70343663,-0.28826468, 0.91575859, 0.74431623,-0.31661051, 0.81129874, 0.4505459 
1.056, -0.597038905972, -1.19340802947, 0.790079802947, -0.0882124134113, -0.819877574702, -2.15573426733,  0.        , 0.        , 0.1273    , 0.12589559, 0.18156328, 0.1273    , 0.20185163,-0.0802864 , 0.70154649, 0.63796483,-0.38268637, 0.91575859, 0.70343663,-0.28826468, 0.91575859, 0.74431623,-0.31661051, 0.81129874, 0.4505459 
1.077, -0.592283795341, -1.18090290195, 0.767446359221, -0.102316295357, -0.826113895554, -2.10712490187,  0.        , 0.        , 0.1273    , 0.12421217, 0.18271908, 0.1273    , 0.21407511,-0.08622836, 0.69623368, 0.64939225,-0.38215633, 0.92085095, 0.71398858,-0.28713357, 0.92085095, 0.75915014,-0.31783433, 0.81884905, 0.45670267
1.097, -0.587425054077, -1.16812524421, 0.744319650594, -0.11672755234, -0.832486128559, -2.05745616202,  0.        , 0.        , 0.1273    , 0.12421217, 0.18271908, 0.1273    , 0.21407511,-0.08622836, 0.69623368, 0.64939225,-0.38215633, 0.92085095, 0.71398858,-0.28713357, 0.92085095, 0.75915014,-0.31783433, 0.81884905, 0.45670267
1.118, -0.582474340725, -1.15510571631, 0.720755169439, -0.131411604646, -0.83897898359, -2.00684722757,  0.        , 0.        , 0.1273    , 0.12244982, 0.18390478, 0.1273    , 0.22680593,-0.09209755, 0.69035074, 0.66102778,-0.38121667, 0.925699  , 0.72470761,-0.2855773 , 0.925699  , 0.77426565,-0.31857466, 0.82649384, 0.46302637
1.137, -0.577437031622, -1.14185845724, 0.696778505606, -0.146352506133, -0.845585409732, -1.95535305734,  0.        , 0.        , 0.1273    , 0.12244982, 0.18390478, 0.1273    , 0.22680593,-0.09209755, 0.69035074, 0.66102778,-0.38121667, 0.925699  , 0.72470761,-0.2855773 , 0.925699  , 0.77426565,-0.31857466, 0.82649384, 0.46302637
1.157, -0.572306646789, -1.12836642575, 0.672358815423, -0.16156947682, -0.852313905518, -1.90290740902,  0.        , 0.        , 0.1273    , 0.12153787, 0.18450873, 0.1273    , 0.23336381,-0.09499481, 0.68718064, 0.66691499,-0.38057958, 0.9280167 , 0.73012055,-0.28462612, 0.9280167 , 0.78191544,-0.31874396, 0.83034504, 0.46623434
1.177, -0.567077148252, -1.11461374302, 0.647467358898, -0.177080425832, -0.859172389841, -1.84944855837,  0.        , 0.        , 0.1273    , 0.11965559, 0.18573493, 0.1273    , 0.24682712,-0.10067614, 0.68037297, 0.67877288,-0.37894756, 0.93239511, 0.74099957,-0.28235642, 0.93239511, 0.79732122,-0.31864038, 0.83806677, 0.47268473
1.197, -0.561742171609, -1.10058367178, 0.622073842293, -0.192904230501, -0.86616920971, -1.79491144418,  0.        , 0.        , 0.1273    , 0.11868266, 0.18635813, 0.1273    , 0.25374479,-0.10345638, 0.67671731, 0.68474521,-0.37794011, 0.93444703, 0.74646593,-0.28102487, 0.93444703, 0.80507658,-0.31835122, 0.84193744, 0.47591562
1.217, -0.556293057798, -1.0862534402, 0.596137049598, -0.209066574299, -0.873315721604, -1.73920754772,  0.        , 0.        , 0.1273    , 0.11768675, 0.18698864, 0.1273    , 0.26079425,-0.10619287, 0.67288084, 0.69074639,-0.37679578, 0.93640032, 0.75194919,-0.27955265, 0.93640032, 0.81286473,-0.31789162, 0.84581384, 0.47914109
1.24, -0.55074096737, -1.0716523986, 0.569710103074, -0.225534354402, -0.880597288448, -1.68245095855,  0.        , 0.        , 0.1273    , 0.11768675, 0.18698864, 0.1273    , 0.26079425,-0.10619287, 0.67288084, 0.69074639,-0.37679578, 0.93640032, 0.75194919,-0.27955265, 0.93640032, 0.81286473,-0.31789162, 0.84581384, 0.47914109
1.258, -0.545098611087, -1.05681397412, 0.542853502616, -0.242269870679, -0.887997240355, -1.62477161104,  0.        , 0.        , 0.1273    , 0.11666609, 0.18762715, 0.1273    , 0.26798407,-0.10888342, 0.66885144, 0.69677798,-0.37550639, 0.9382494 , 0.75744999,-0.2779312 , 0.9382494 , 0.8206859 ,-0.31725113, 0.84969629, 0.4823543 
1.277, -0.539349590293, -1.04169504103, 0.515489192926, -0.259321762752, -0.895537084343, -1.56600186751,  0.        , 0.        , 0.1273    , 0.11455844, 0.18892138, 0.1273    , 0.28271102,-0.11407796, 0.66022562, 0.70884787,-0.37247949, 0.94158541, 0.7684238 ,-0.27423123, 0.94158541, 0.83630958,-0.31539592, 0.857422  , 0.48866565
1.297, -0.533511013198, -1.02634058916, 0.487698603352, -0.276639288394, -0.903194383718, -1.50631661202,  0.        , 0.        , 0.1273    , 0.11455844, 0.18892138, 0.1273    , 0.28271102,-0.11407796, 0.66022562, 0.70884787,-0.37247949, 0.94158541, 0.7684238 ,-0.27423123, 0.94158541, 0.83630958,-0.31539592, 0.857422  , 0.48866565
1.317, -0.527595117925, -1.01078280819, 0.459539993257, -0.294186143654, -0.910953085936, -1.44584096702,  0.        , 0.        , 0.1273    , 0.11236165, 0.19023613, 0.1273    , 0.29787457,-0.11898114, 0.6508105 , 0.72086761,-0.36881906, 0.94438366, 0.7793011 ,-0.26988708, 0.94438366, 0.85181692,-0.31271805, 0.86505237, 0.49473255
1.342, -0.521593135191, -0.994998629811, 0.430971610714, -0.311988345914, -0.918824695132, -1.3844852628,  0.        , 0.        , 0.1273    , 0.11236165, 0.19023613, 0.1273    , 0.29787457,-0.11898114, 0.6508105 , 0.72086761,-0.36881906, 0.94438366, 0.7793011 ,-0.26988708, 0.94438366, 0.85181692,-0.31271805, 0.86505237, 0.49473255
1.357, -0.515500363813, -0.978975693625, 0.401971083753, -0.330059836072, -0.926815375572, -1.32220145157,  0.        , 0.        , 0.1273    , 0.11008652, 0.1915617 , 0.1273    , 0.31336012,-0.12351925, 0.64062003, 0.73270265,-0.36450666, 0.94656806, 0.78995296,-0.26488532, 0.94656806, 0.86701431,-0.30917087, 0.87249493, 0.5004095 
1.378, -0.509288664008, -0.962639995975, 0.372404468921, -0.34848408008, -0.93496203344, -1.25872583894,  0.        , 0.        , 0.1273    , 0.11008652, 0.1915617 , 0.1273    , 0.31336012,-0.12351925, 0.64062003, 0.73270265,-0.36450666, 0.94656806, 0.78995296,-0.26488532, 0.94656806, 0.86701431,-0.30917087, 0.87249493, 0.5004095 
1.398, -0.502985053156, -0.946062588214, 0.342400366938, -0.36718094114, -0.943229234639, -1.19472583859,  0.        , 0.        , 0.1273    , 0.10772118, 0.19290172, 0.1273    , 0.3292037 ,-0.12766627, 0.62957012, 0.74433458,-0.35948581, 0.94808752, 0.8003548 ,-0.25916759, 0.94808752, 0.8818553 ,-0.30467952, 0.87972947, 0.50560199
1.419, -0.496717447291, -0.929579867189, 0.312567633797, -0.385771014565, -0.951449217576, -1.13072583843,  0.        , 0.        , 0.1273    , 0.10650307, 0.19357691, 0.1273    , 0.33725458,-0.12957888, 0.62370475, 0.75005411,-0.35669489, 0.94857728, 0.80544085,-0.25602554, 0.94857728, 0.88910803,-0.30205794, 0.88325262, 0.50797708
1.437, -0.490456801268, -0.913115448311, 0.282768015974, -0.404340452115, -0.959660075998, -1.06672583848,  0.        , 0.        , 0.1273    , 0.10528772, 0.19424063, 0.1273    , 0.34521034,-0.13133834, 0.61773764, 0.75557549,-0.35377591, 0.94887094, 0.8103302 ,-0.25276139, 0.94887094, 0.89607544,-0.29923942, 0.88662917, 0.51013582
1.458, -0.484196157371, -0.896651033803, 0.252968398106, -0.422909889325, -0.967870934339, -1.00272583874,  0.        , 0.        , 0.1273    , 0.10406959, 0.19489599, 0.1273    , 0.35310464,-0.13295445, 0.61164414, 0.76092266,-0.3507191 , 0.94897233, 0.81504388,-0.24936377, 0.94897233, 0.90278605,-0.2962159 , 0.88987343, 0.51208219
1.477, -0.477935515857, -0.880186624753, 0.223168780174, -0.441479326186, -0.976081792594, -0.938725839228,  0.        , 0.        , 0.1273    , 0.10284739, 0.1955437 , 0.1273    , 0.36094267,-0.13442951, 0.60541935, 0.76609853,-0.34752367, 0.94888246, 0.81958414,-0.24583149, 0.94888246, 0.90924161,-0.29298737, 0.89298657, 0.51381096
1.498, -0.471674876951, -0.863722220514, 0.193369162112, -0.460048762672, -0.984292650737, -0.874725839962,  0.        , 0.        , 0.1273    , 0.10162115, 0.19618376, 0.1273    , 0.36872079,-0.13576386, 0.59906496, 0.77109985,-0.34419203, 0.9486019 , 0.82394776,-0.242167  , 0.9486019 , 0.91543616,-0.28955704, 0.89596593, 0.51531467
1.517, -0.465414240744, -0.847257821546, 0.163569544041, -0.47861819867, -0.992503508694, -0.810725840951,  0.        , 0.        , 0.1273    , 0.10162115, 0.19618376, 0.1273    , 0.36872079,-0.13576386, 0.59906496, 0.77109985,-0.34419203, 0.9486019 , 0.82394776,-0.242167  , 0.9486019 , 0.91543616,-0.28955704, 0.89596593, 0.51531467
1.537, -0.459153607354, -0.830793427801, 0.133769925857, -0.497187634196, -1.00071436645, -0.746725842203,  0.        , 0.        , 0.1273    , 0.09915678, 0.19744077, 0.1273    , 0.38408273,-0.13801222, 0.58597429, 0.7805662 ,-0.33713027, 0.94747139, 0.83213251,-0.23445153, 0.94747139, 0.92701912,-0.28210455, 0.90151258, 0.51761874
1.558, -0.452892976907, -0.81432903936, 0.103970307601, -0.515757069185, -1.00892522396, -0.682725843728,  0.        , 0.        , 0.1273    , 0.09915678, 0.19744077, 0.1273    , 0.38408273,-0.13801222, 0.58597429, 0.7805662 ,-0.33713027, 0.94747139, 0.83213251,-0.23445153, 0.94747139, 0.92701912,-0.28210455, 0.90151258, 0.51761874
1.576, -0.446632349525, -0.797864656329, 0.0741706893287, -0.534326503563, -1.01713608115, -0.618725845534,  0.        , 0.        , 0.1273    , 0.09667686, 0.19866683, 0.1273    , 0.39916163,-0.13970388, 0.57238633, 0.789297  ,-0.32955471, 0.94558647, 0.83957364,-0.22623836, 0.94558647, 0.93749033,-0.27388736, 0.9064919 , 0.51894092
1.593, -0.440371725276, -0.781400278703, 0.0443710709323, -0.552895937365, -1.02534693801, -0.554725847626,  0.        , 0.        , 0.1273    , 0.09667686, 0.19866683, 0.1273    , 0.39916163,-0.13970388, 0.57238633, 0.789297  ,-0.32955471, 0.94558647, 0.83957364,-0.22623836, 0.94558647, 0.93749033,-0.27388736, 0.9064919 , 0.51894092
1.616, -0.434111104264, -0.764935906609, 0.0145714526163, -0.571465370481, -1.03355779445, -0.490725850006,  0.        , 0.        , 0.1273    , 0.09418179, 0.19986174, 0.1273    , 0.41392903,-0.14084441, 0.55831581, 0.79726861,-0.32148733, 0.94295355, 0.84624769,-0.21754957, 0.94295355, 0.9468079 ,-0.26493703, 0.91088235, 0.51923232
1.636, -0.427850486532, -0.748471540065, -0.0152281658575, -0.590034802924, -1.04176865044, -0.426725852676,  0.        , 0.        , 0.1273    , 0.09418179, 0.19986174, 0.1273    , 0.41392903,-0.14084441, 0.55831581, 0.79726861,-0.32148733, 0.94295355, 0.84624769,-0.21754957, 0.94295355, 0.9468079 ,-0.26493703, 0.91088235, 0.51923232
1.657, -0.421589872114, -0.732007179118, -0.0450277845405, -0.608604234676, -1.04997950595, -0.362725855634,  0.        , 0.        , 0.1273    , 0.09167196, 0.20102532, 0.1273    , 0.42835691,-0.14144064, 0.543778  , 0.80445846,-0.3129512 , 0.93957977, 0.85213231,-0.20840832, 0.93957977, 0.95493284,-0.25528762, 0.91466246, 0.51844844
1.677, -0.415329261044, -0.715542823867, -0.0748274031156, -0.627173665657, -1.05819036088, -0.298725858874,  0.        , 0.        , 0.1273    , 0.09041163, 0.2015953 , 0.1273    , 0.43543491,-0.14153709, 0.53633876, 0.80775349,-0.30851484, 0.93761746, 0.85477191,-0.20367554, 0.93761746, 0.9585367 ,-0.25021206, 0.91631698, 0.51764052
1.697, -0.409068653285, -0.699078474291, -0.104627021803, -0.645743095928, -1.06640121524, -0.234725862389,  0.        , 0.        , 0.1273    , 0.09041163, 0.2015953 , 0.1273    , 0.43543491,-0.14153709, 0.53633876, 0.80775349,-0.30851484, 0.93761746, 0.85477191,-0.20367554, 0.93761746, 0.9585367 ,-0.25021206, 0.91631698, 0.51764052
1.717, -0.402808048822, -0.682614130488, -0.13442664051, -0.664312525412, -1.07461206894, -0.17072586617,  0.        , 0.        , 0.1273    , 0.08788039, 0.20271153, 0.1273    , 0.4493021 ,-0.14133224, 0.52112971, 0.81373094,-0.29932103, 0.93314725, 0.85943299,-0.19390123, 0.93314725, 0.96480616,-0.23958307, 0.91914175, 0.51516947
1.736, -0.396547447591, -0.666149792488, -0.16422625926, -0.682881954111, -1.08282292196, -0.106725870206,  0.        , 0.        , 0.1273    , 0.08660958, 0.20325773, 0.1273    , 0.45608462,-0.14103339, 0.51336401, 0.81640846,-0.29456996, 0.93064155, 0.86144962,-0.18886611, 0.93064155, 0.96746396,-0.23403958, 0.92030679, 0.51349779
1.755, -0.390286849495, -0.649685460295, -0.194025878115, -0.701451382057, -1.09103377429, -0.0427258745211,  0.        , 0.        , 0.1273    , 0.08533537, 0.20379598, 0.1273    , 0.46276204,-0.14060534, 0.50549367, 0.81887536,-0.28972047, 0.92795701, 0.86325388,-0.18373671, 0.92795701, 0.96979895,-0.22835026, 0.9213035 , 0.51153005
1.776, -0.384026254456, -0.633221134027, -0.223825496931, -0.720020809153, -1.09924462584, 0.0212741207471,  0.        , 0.        , 0.1273    , 0.08533537, 0.20379598, 0.1273    , 0.46276204,-0.14060534, 0.50549367, 0.81887536,-0.28972047, 0.92795701, 0.86325388,-0.18373671, 0.92795701, 0.96979895,-0.22835026, 0.9213035 , 0.51153005
1.797, -0.377765662472, -0.616756814049, -0.253625115113, -0.738590235024, -1.10745547643, 0.0852741163666,  0.        , 0.        , 0.1273    , 0.08405782, 0.20432623, 0.1273    , 0.46933113,-0.14004949, 0.49752082, 0.8211294 ,-0.28477588, 0.92509483, 0.86484353,-0.17851637, 0.92509483, 0.97180774,-0.2225204 , 0.92212934, 0.50926257
1.81, -0.37150507323, -0.600292499964, -0.283424733441, -0.757159660157, -1.11566632627, 0.14927411153,  0.        , 0.        , 0.1273    , 0.08149289, 0.20536269, 0.1273    , 0.48213158,-0.13856037, 0.48127624, 0.8249903 ,-0.27461502, 0.9188426 , 0.86737054,-0.1678165 , 0.9188426 , 0.97483431,-0.21046072, 0.92325848, 0.50381492
1.836, -0.365244486453, -0.583828191502, -0.313224352464, -0.77572908489, -1.1238771755, 0.213274106536,  0.        , 0.        , 0.1273    , 0.08149289, 0.20536269, 0.1273    , 0.48213158,-0.13856037, 0.48127624, 0.8249903 ,-0.27461502, 0.9188426 , 0.86737054,-0.1678165 , 0.9188426 , 0.97483431,-0.21046072, 0.92325848, 0.50381492
1.855, -0.358983902079, -0.567363888999, -0.343023971629, -0.794298508882, -1.13208802395, 0.277274101416,  0.        , 0.        , 0.1273    , 0.07891519, 0.20636695, 0.1273    , 0.49446101,-0.13657864, 0.4646479 , 0.82797477,-0.26411506, 0.91189539, 0.86901449,-0.15679427, 0.91189539, 0.97652099,-0.197905  , 0.92367465, 0.49713012
1.876, -0.352723319948, -0.550899592558, -0.372823590804, -0.812867932053, -1.14029887161, 0.341274096198,  0.        , 0.        , 0.1273    , 0.07891519, 0.20636695, 0.1273    , 0.49446101,-0.13657864, 0.4646479 , 0.82797477,-0.26411506, 0.91189539, 0.86901449,-0.15679427, 0.91189539, 0.97652099,-0.197905  , 0.92367465, 0.49713012
1.902, -0.346462739846, -0.534435302156, -0.402623210083, -0.831437354462, -1.1485097185, 0.405274090909,  0.        , 0.        , 0.1273    , 0.07632512, 0.20733886, 0.1273    , 0.50629519,-0.13411799, 0.44765381, 0.83006782,-0.25330445, 0.90426433, 0.86976057,-0.14547822, 0.90426433, 0.97684868,-0.18489926, 0.92335903, 0.48918716
1.918, -0.340202161576, -0.517971017824, -0.43242282946, -0.850006776108, -1.15672056464, 0.469274085573,  0.        , 0.        , 0.1273    , 0.07502557, 0.20781263, 0.1273    , 0.51201921,-0.13271265, 0.43902536, 0.83077574,-0.24779174, 0.90019601, 0.86979266,-0.13971913, 0.90019601, 0.97649794,-0.17824241, 0.92292113, 0.48473826
1.937, -0.333941584953, -0.501506739628, -0.462222448864, -0.868576196948, -1.16493141005, 0.533274080215,  0.        , 0.        , 0.1273    , 0.07372308, 0.20827826, 0.1273    , 0.51761071,-0.13119318, 0.43031242, 0.83125582,-0.24221237, 0.89596118, 0.86959538,-0.13389761, 0.89596118, 0.97580195,-0.17149095, 0.9222936 , 0.47996854
1.958, -0.327681009754, -0.485042467523, -0.492022068423, -0.887145617064, -1.17314225477, 0.597274074861,  0.        , 0.        , 0.1273    , 0.0724177 , 0.20873572, 0.1273    , 0.52306689,-0.1295616 , 0.42151734, 0.83150656,-0.23657008, 0.89156142, 0.86916727,-0.12801741, 0.89156142, 0.97475935,-0.16465099, 0.92147434, 0.47487636
1.978, -0.321420435809, -0.46857820159, -0.521821688031, -0.905715036391, -1.18135309882, 0.661274069532,  0.        , 0.        , 0.1273    , 0.0724177 , 0.20873572, 0.1273    , 0.52306689,-0.1295616 , 0.42151734, 0.83150656,-0.23657008, 0.89156142, 0.86916727,-0.12801741, 0.89156142, 0.97475935,-0.16465099, 0.92147434, 0.47487636
1.997, -0.315159862921, -0.452113941826, -0.551621307738, -0.924284454961, -1.18956394225, 0.725274064251,  0.        , 0.        , 0.1273    , 0.06979848, 0.20962609, 0.1273    , 0.53356243,-0.12597039, 0.40369034, 0.83131462,-0.22511191, 0.88227354, 0.8676132 ,-0.11609621, 0.88227354, 0.97163013,-0.15073037, 0.91925249, 0.46371914
2.016, -0.308899290904, -0.435649688228, -0.581420927587, -0.942853872799, -1.1977747851, 0.789274059035,  0.        , 0.        , 0.1273    , 0.06979848, 0.20962609, 0.1273    , 0.53356243,-0.12597039, 0.40369034, 0.83131462,-0.22511191, 0.88227354, 0.8676132 ,-0.11609621, 0.88227354, 0.97163013,-0.15073037, 0.91925249, 0.46371914
2.037, -0.302638719612, -0.419185440873, -0.611220547475, -0.961423289842, -1.2059856274, 0.853274053904,  0.        , 0.        , 0.1273    , 0.06716832, 0.21048359, 0.1273    , 0.54348465,-0.12195622, 0.38556369, 0.83018993,-0.21344797, 0.8723456 , 0.86512071,-0.10398633, 0.8723456 , 0.96710417,-0.13653071, 0.91624009, 0.45125774
2.056, -0.296378148865, -0.40272119971, -0.641020167531, -0.979992706167, -1.21419646921, 0.917274048873,  0.        , 0.        , 0.1273    , 0.06584926, 0.21089998, 0.1273    , 0.54822442,-0.11979616, 0.37639413, 0.8292751 ,-0.20754857, 0.86714592, 0.86351991,-0.09787039, 0.86714592, 0.96431654,-0.1293421 , 0.9144329 , 0.44453612
2.076, -0.290117578533, -0.386256964798, -0.670819787679, -0.998562121726, -1.22240731056, 0.981274043955,  0.        , 0.        , 0.1273    , 0.06452763, 0.21130809, 0.1273    , 0.55281336,-0.11753723, 0.36715705, 0.82812403,-0.20160947, 0.86179145, 0.86168152,-0.09171904, 0.86179145, 0.96117916,-0.12210286, 0.9124228 , 0.43748666
2.102, -0.283857008487, -0.369792736153, -0.700619407918, -1.01713153651, -1.2306181515, 1.04527403916,  0.        , 0.        , 0.1273    , 0.06320346, 0.21170793, 0.1273    , 0.55724911,-0.11518183, 0.35785496, 0.8267359 ,-0.19563464, 0.856284  , 0.85960476,-0.08553628, 0.856284  , 0.95769232,-0.11481942, 0.91020819, 0.43010916
2.116, -0.277596438589, -0.353328513743, -0.730419028336, -1.03570095058, -1.23882899209, 1.10927403451,  0.        , 0.        , 0.1273    , 0.06320346, 0.21170793, 0.1273    , 0.55724911,-0.11518183, 0.35785496, 0.8267359 ,-0.19563464, 0.856284  , 0.85960476,-0.08553628, 0.856284  , 0.95769232,-0.11481942, 0.91020819, 0.43010916
2.138, -0.271335032969, -0.336862099596, -0.760222627198, -1.05427284296, -1.24704092852, 1.17327402999,  0.        , 0.        , 0.1273    , 0.06320346, 0.21170793, 0.1273    , 0.55724911,-0.11518183, 0.35785496, 0.8267359 ,-0.19563464, 0.856284  , 0.85960476,-0.08553628, 0.856284  , 0.95570613,-0.11422647, 0.91397186, 0.4301466 
2.154, -0.265037026074, -0.320299436275, -0.790200444874, -1.07295329766, -1.25530086803, 1.2372740256,  0.        , 0.        , 0.1273    , 0.06054775, 0.21248269, 0.1273    , 0.56565191,-0.11019149, 0.33906584, 0.82324565,-0.18359381, 0.84481761, 0.85473341,-0.07309254, 0.84481761, 0.94967266,-0.10014584, 0.90515953, 0.4143704 
2.177, -0.258781810549, -0.303849316202, -0.819974575621, -1.09150682552, -1.26350468435, 1.3012740214,  0.        , 0.        , 0.1273    , 0.06054775, 0.21248269, 0.1273    , 0.56565191,-0.11019149, 0.33906584, 0.82324565,-0.18359381, 0.84481761, 0.85473341,-0.07309254, 0.84481761, 0.94967266,-0.10014584, 0.90515953, 0.4143704 
2.197, -0.252658600788, -0.287746353487, -0.849120375255, -1.10966881272, -1.27153537321, 1.36474059185,  0.        , 0.        , 0.1273    , 0.05787439, 0.21322636, 0.1273    , 0.57343794,-0.10482852, 0.31998868, 0.81878468,-0.1714211 , 0.83272418, 0.84888216,-0.06053308, 0.83272418, 0.94023385,-0.08532797, 0.89925667, 0.39726832
2.216, -0.246628818688, -0.271889095371, -0.877821468653, -1.12755368376, -1.27944352972, 1.42638130425,  0.        , 0.        , 0.1273    , 0.05523062, 0.2139264 , 0.1273    , 0.580466  ,-0.09921323, 0.30098068, 0.81344419,-0.15936255, 0.82024026, 0.84216678,-0.04811049, 0.82024026, 0.92957501,-0.07067717, 0.89260763, 0.37912944
2.237, -0.240686520434, -0.256261910875, -0.906106147317, -1.14517906832, -1.28723694923, 1.48712769167,  0.        , 0.        , 0.1273    , 0.05523062, 0.2139264 , 0.1273    , 0.580466  ,-0.09921323, 0.30098068, 0.81344419,-0.15936255, 0.82024026, 0.84216678,-0.04811049, 0.82024026, 0.92957501,-0.07067717, 0.89260763, 0.37912944
2.257, -0.234824668489, -0.240846292061, -0.934007909368, -1.16256584052, -1.29492486167, 1.54705169732,  0.        , 0.        , 0.1273    , 0.05266558, 0.21457228, 0.1273    , 0.58663945,-0.09349082, 0.28242138, 0.80738634,-0.14767192, 0.80764753, 0.83477499,-0.03608396, 0.80764753, 0.91799867,-0.05651075, 0.88538462, 0.36038214
2.277, -0.229044392616, -0.225645208061, -0.96152137597, -1.17971064869, -1.30250578503, 1.60614176933,  0.        , 0.        , 0.1273    , 0.05140689, 0.21487731, 0.1273    , 0.58943456,-0.09059043, 0.27327704, 0.80410013,-0.14194667, 0.80130026, 0.83083419,-0.03020008, 0.80130026, 0.91188084,-0.04958954, 0.88156221, 0.3507743 
2.297, -0.223369960275, -0.210722484758, -0.988531038544, -1.19654151438, -1.30994789262, 1.66414983198,  0.        , 0.        , 0.1273    , 0.05016399, 0.21517086, 0.1273    , 0.59204245,-0.08767006, 0.26422598, 0.80065371,-0.13630477, 0.79492674, 0.82674141,-0.02440552, 0.79492674, 0.90556136,-0.04278125, 0.87760829, 0.34102606
2.317, -0.217790145535, -0.196048590401, -1.01509033108, -1.21309173481, -1.31726590747, 1.7211906448,  0.        , 0.        , 0.1273    , 0.05016399, 0.21517086, 0.1273    , 0.59204245,-0.08767006, 0.26422598, 0.80065371,-0.13630477, 0.79492674, 0.82674141,-0.02440552, 0.79492674, 0.90556136,-0.04278125, 0.87760829, 0.34102606
2.337, -0.212306298887, -0.181627081679, -1.04119282371, -1.22935730322, -1.32445805789, 1.77725039829,  0.        , 0.        , 0.1273    , 0.04894221, 0.21545205, 0.1273    , 0.5944581 ,-0.08474706, 0.25530987, 0.79707168,-0.13077288, 0.78856089, 0.822524  ,-0.0187274 , 0.78856089, 0.89908271,-0.03611852, 0.87354797, 0.33119302
2.358, -0.206936638791, -0.167505868054, -1.06675180002, -1.24528418297, -1.33150045052, 1.83214285352,  0.        , 0.        , 0.1273    , 0.04894221, 0.21545205, 0.1273    , 0.5944581 ,-0.08474706, 0.25530987, 0.79707168,-0.13077288, 0.78856089, 0.822524  ,-0.0187274 , 0.78856089, 0.89908271,-0.03611852, 0.87354797, 0.33119302
2.377, -0.201674735184, -0.153668039169, -1.09179786641, -1.26089144626, -1.33840151849, 1.88593374317,  0.        , 0.        , 0.1273    , 0.04655558, 0.21598033, 0.1273    , 0.59875206,-0.07889644, 0.23784564, 0.78952255,-0.12001792, 0.77584465, 0.8137337 ,-0.00769771, 0.77584465, 0.88567649,-0.02320531, 0.86512085, 0.31127697
2.397, -0.196514259402, -0.140096951702, -1.11636114657, -1.27619786448, -1.34516956195, 1.93868776328,  0.        , 0.        , 0.1273    , 0.04425678, 0.21646307, 0.1273    , 0.60235423,-0.07309834, 0.22097515, 0.78156651,-0.10973904, 0.76325525, 0.80458218, 0.00283222, 0.76325525, 0.87184332,-0.0109196 , 0.85638589, 0.2912219 
2.418, -0.191448347064, -0.126774553274, -1.14047431425, -1.29122379805, -1.35181358366, 1.99047508652,  0.        , 0.        , 0.1273    , 0.04425678, 0.21646307, 0.1273    , 0.60235423,-0.07309834, 0.22097515, 0.78156651,-0.10973904, 0.76325525, 0.80458218, 0.00283222, 0.76325525, 0.87184332,-0.0109196 , 0.85638589, 0.2912219 
2.437, -0.186466526088, -0.113673303814, -1.16418721572, -1.30600030833, -1.35834731804, 2.04140276664,  0.        , 0.        , 0.1273    , 0.04204087, 0.21690434, 0.1273    , 0.60532848,-0.06737241, 0.20467837, 0.77326775,-0.09992277, 0.75081403, 0.79513103, 0.01287797, 0.75081403, 0.85767508, 0.00075555, 0.84739447, 0.27109534
2.457, -0.181569747418, -0.100795704578, -1.18749532372, -1.32052457423, -1.36476951765, 2.09146108056,  0.        , 0.        , 0.1273    , 0.04204087, 0.21690434, 0.1273    , 0.60532848,-0.06737241, 0.20467837, 0.77326775,-0.09992277, 0.75081403, 0.79513103, 0.01287797, 0.75081403, 0.85767508, 0.00075555, 0.84739447, 0.27109534
2.477, -0.176790694933, -0.0882277075058, -1.21024306717, -1.33469965286, -1.37103731723, 2.14031591164,  0.        , 0.        , 0.1273    , 0.03989614, 0.21730905, 0.1273    , 0.60773993,-0.06171538, 0.18888257, 0.76465317,-0.09052335, 0.73849664, 0.7854011 , 0.02248786, 0.73849664, 0.84320225, 0.01187604, 0.8381606 , 0.25088704
2.497, -0.172128890315, -0.075968053507, -1.23243272388, -1.34852696367, -1.37715134441, 2.18797215193,  0.        , 0.        , 0.1273    , 0.03989614, 0.21730905, 0.1273    , 0.60773993,-0.06171538, 0.18888257, 0.76465317,-0.09052335, 0.73849664, 0.7854011 , 0.02248786, 0.73849664, 0.84320225, 0.01187604, 0.8381606 , 0.25088704
2.517, -0.167568518276, -0.0639751517741, -1.25413957207, -1.36205341575, -1.38313234096, 2.23459147481,  0.        , 0.        , 0.1273    , 0.03784281, 0.21767601, 0.1273    , 0.6096168 ,-0.05620484, 0.17374774, 0.75587471,-0.08163167, 0.72645869, 0.7755548 , 0.03157038, 0.72645869, 0.8286642 , 0.02233735, 0.82883365, 0.23088214
2.54, -0.163114406347, -0.0522616975364, -1.27534063337, -1.37526469031, -1.38897397554, 2.28012453011,  0.        , 0.        , 0.1273    , 0.03684974, 0.21784633, 0.1273    , 0.61037273,-0.05350977, 0.16642609, 0.75144445,-0.07737272, 0.72055299, 0.77060809, 0.0359179 , 0.72055299, 0.821399  , 0.02732638, 0.82415299, 0.22098009
2.557, -0.15877048769, -0.0408380337549, -1.29601718675, -1.38814912155, -1.39467108985, 2.32453111112,  0.        , 0.        , 0.1273    , 0.03684974, 0.21784633, 0.1273    , 0.61037273,-0.05350977, 0.16642609, 0.75144445,-0.07737272, 0.72055299, 0.77060809, 0.0359179 , 0.72055299, 0.821399  , 0.02732638, 0.82415299, 0.22098009
2.576, -0.154521958277, -0.0296652283475, -1.31623969799, -1.40075061967, -1.40024309968, 2.36796255566,  0.        , 0.        , 0.1273    , 0.03493172, 0.2181621 , 0.1273    , 0.61155227,-0.04825496, 0.15228593, 0.74255026,-0.06923012, 0.70899668, 0.76071645, 0.04422472, 0.70899668, 0.80694478, 0.03682272, 0.81480141, 0.20144376
2.596, -0.150364838141, -0.018732815727, -1.33602711061, -1.41308098923, -1.40569522464, 2.4104595483,  0.        , 0.        , 0.1273    , 0.03493172, 0.2181621 , 0.1273    , 0.61155227,-0.04825496, 0.15228593, 0.74255026,-0.06923012, 0.70899668, 0.76071645, 0.04422472, 0.70899668, 0.80694478, 0.03682272, 0.81480141, 0.20144376
2.618, -0.146320705534, -0.00809754785026, -1.35527671477, -1.42507622742, -1.41099916456, 2.45180150139,  0.        , 0.        , 0.1273    , 0.03309671, 0.21844801, 0.1273    , 0.61233461,-0.04317317, 0.13876381, 0.73362852,-0.06155022, 0.69776056, 0.75084041, 0.0520533 , 0.69776056, 0.79260706, 0.0457253 , 0.80547311, 0.18225415
2.636, -0.14239910669, 0.00221532605007, -1.37394307218, -1.43670801976, -1.41614239961, 2.49189082811,  0.        , 0.        , 0.1273    , 0.03309671, 0.21844801, 0.1273    , 0.61233461,-0.04317317, 0.13876381, 0.73362852,-0.06155022, 0.69776056, 0.75084041, 0.0520533 , 0.69776056, 0.79260706, 0.0457253 , 0.80547311, 0.18225415
2.657, -0.138575559525, 0.0122706647668, -1.39214271497, -1.44804898236, -1.42115703847, 2.53097780197,  0.        , 0.        , 0.1273    , 0.03135558, 0.21870472, 0.1273    , 0.61276389,-0.03830919, 0.12594422, 0.72479435,-0.05437094, 0.68694198, 0.74110077, 0.05936609, 0.68694198, 0.77855493, 0.0539963 , 0.79628018, 0.16360464
2.676, -0.134843641281, 0.0220848734428, -1.40990621392, -1.45911816518, -1.42605150446, 2.56912807917,  0.        , 0.        , 0.1273    , 0.03135558, 0.21870472, 0.1273    , 0.61276389,-0.03830919, 0.12594422, 0.72479435,-0.05437094, 0.68694198, 0.74110077, 0.05936609, 0.68694198, 0.77855493, 0.0539963 , 0.79628018, 0.16360464
2.693, -0.131225403133, 0.0316001210576, -1.4271286081, -1.46985016266, -1.43079687715, 2.60611623741,  0.        , 0.        , 0.1273    , 0.02970229, 0.21893538, 0.1273    , 0.61288944,-0.03365856, 0.11378516, 0.71607741,-0.04765775, 0.6765316 , 0.73152403, 0.06619923, 0.6765316 , 0.76481922, 0.06168217, 0.78724527, 0.14550625
2.716, -0.127737995108, 0.040771309013, -1.44372826586, -1.48019410672, -1.43537066417, 2.6417669582,  0.        , 0.        , 0.1273    , 0.02970229, 0.21893538, 0.1273    , 0.61288944,-0.03365856, 0.11378516, 0.71607741,-0.04765775, 0.6765316 , 0.73152403, 0.06619923, 0.6765316 , 0.76481922, 0.06168217, 0.78724527, 0.14550625
2.737, -0.124359257126, 0.0496567150891, -1.4598106674, -1.49021572655, -1.43980192902, 2.67630677911,  0.        , 0.        , 0.1273    , 0.02814587, 0.2191409 , 0.1273    , 0.61275671,-0.02925699, 0.10235487, 0.70758192,-0.04143609, 0.66661292, 0.72221913, 0.07252777, 0.66661292, 0.75154815, 0.06876083, 0.77847045, 0.12812857
2.754, -0.121051523273, 0.0583553925557, -1.47555509724, -1.50002674186, -1.44414007085, 2.7101207455,  0.        , 0.        , 0.1273    , 0.02814587, 0.2191409 , 0.1273    , 0.61275671,-0.02925699, 0.10235487, 0.70758192,-0.04143609, 0.66661292, 0.72221913, 0.07252777, 0.66661292, 0.75154815, 0.06876083, 0.77847045, 0.12812857
2.772, -0.117836336706, 0.0668106867526, -1.49085901178, -1.50956325344, -1.4483568353, 2.74298862679,  0.        , 0.        , 0.1273    , 0.02667997, 0.2193242 , 0.1273    , 0.61240939,-0.02509481, 0.09160677, 0.69932678,-0.03566799, 0.6571692 , 0.71320166, 0.0783912 , 0.6571692 , 0.7387552 , 0.0752827 , 0.76996921, 0.11146628
2.792, -0.114765386279, 0.0748866667828, -1.50547637828, -1.51867194799, -1.45238443174, 2.77438202383,  0.        , 0.        , 0.1273    , 0.02597467, 0.21940885, 0.1273    , 0.61216552,-0.02308763, 0.08644227, 0.69526798,-0.03292569, 0.65259109, 0.70877607, 0.08117751, 0.65259109, 0.7325007 , 0.07836888, 0.76579773, 0.10334901
2.815, -0.111870255863, 0.0825002743389, -1.51925686195, -1.52725914562, -1.45618143766, 2.80397806593,  0.        , 0.        , 0.1273    , 0.02597467, 0.21940885, 0.1273    , 0.61216552,-0.02308763, 0.08644227, 0.69526798,-0.03292569, 0.65259109, 0.70877607, 0.08117751, 0.65259109, 0.7325007 , 0.07836888, 0.76579773, 0.10334901
2.835, -0.109110999811, 0.089756559847, -1.53239060084, -1.53544332934, -1.45980024276, 2.83218510842,  0.        , 0.        , 0.1273    , 0.0246652 , 0.21955991, 0.1273    , 0.61158068,-0.01935506, 0.07686709, 0.68758404,-0.02789322, 0.64403362, 0.70041113, 0.08628855, 0.64403362, 0.72072122, 0.08400693, 0.7579142 , 0.08810845
2.857, -0.106392760535, 0.0969049789036, -1.54532910518, -1.54350585414, -1.46336525393, 2.85997284992,  0.        , 0.        , 0.1273    , 0.0246652 , 0.21955991, 0.1273    , 0.61158068,-0.01935506, 0.07686709, 0.68758404,-0.02789322, 0.64403362, 0.70041113, 0.08628855, 0.64403362, 0.72072122, 0.08400693, 0.7579142 , 0.08810845
2.875, -0.103711757431, 0.103955472268, -1.55809036863, -1.55145793262, -1.46688142902, 2.88737993498,  0.        , 0.        , 0.1273    , 0.0234622 , 0.21969172, 0.1273    , 0.61089226,-0.01592099, 0.06808693, 0.6803562 ,-0.02333946, 0.63610719, 0.69255768, 0.09091085, 0.63610719, 0.70971153, 0.08907889, 0.75051383, 0.07391514
2.897, -0.101147757456, 0.110698268881, -1.57029470928, -1.55906296906, -1.47024415239, 2.9135909291,  0.        , 0.        , 0.1273    , 0.0234622 , 0.21969172, 0.1273    , 0.61089226,-0.01592099, 0.06808693, 0.6803562 ,-0.02333946, 0.63610719, 0.69255768, 0.09091085, 0.63610719, 0.70971153, 0.08907889, 0.75051383, 0.07391514
2.916, -0.0988048553783, 0.11685962114, -1.58144664836, -1.5660122099, -1.47331690226, 2.93754170347,  0.        , 0.        , 0.1273    , 0.0234622 , 0.21969172, 0.1273    , 0.61089226,-0.01592099, 0.06808693, 0.6803562 ,-0.02333946, 0.63610719, 0.69255768, 0.09091085, 0.63610719, 0.70971153, 0.08907889, 0.75051383, 0.07391514
2.936, -0.0967520944001, 0.122257960646, -1.59121754923, -1.57210086786, -1.47600912774, 2.95852645238,  0.        , 0.        , 0.1273    , 0.0223096 , 0.21981175, 0.1273    , 0.61009717,-0.01262833, 0.05969094, 0.6732812 ,-0.01904114, 0.62845622, 0.68488327, 0.0952716 , 0.62845622, 0.69899833, 0.093839  , 0.74328306, 0.06014725
2.957, -0.0949641028297, 0.126960011548, -1.59972817995, -1.57740419863, -1.47835410465, 2.97680454679,  0.        , 0.        , 0.1273    , 0.0223096 , 0.21981175, 0.1273    , 0.61009717,-0.01262833, 0.05969094, 0.6732812 ,-0.01904114, 0.62845622, 0.68488327, 0.0952716 , 0.62845622, 0.69899833, 0.093839  , 0.74328306, 0.06014725
2.977, -0.0933191447103, 0.131285914433, -1.6075579893, -1.58228328104, -1.48051149143, 2.99362045613,  0.        , 0.        , 0.1273    , 0.02134317, 0.2199077 , 0.1273    , 0.60932847,-0.00986702, 0.05266438, 0.66723685,-0.01548732, 0.62199936, 0.67833633, 0.09887531, 0.62199936, 0.68989402, 0.09775358, 0.73711518, 0.04847768
2.997, -0.091761822698, 0.135381351826, -1.61497066105, -1.5869024275, -1.48255394219, 3.00954048818,  0.        , 0.        , 0.1273    , 0.02058811, 0.21997967, 0.1273    , 0.60866324,-0.00771008, 0.04718363, 0.66244392,-0.01274346, 0.61692883, 0.67315074, 0.1016566 , 0.61692883, 0.68270536, 0.10076237, 0.73223017, 0.03928199
3.017, -0.0902704082162, 0.139303465747, -1.62206962076, -1.59132608682, -1.4845099543, 3.02478676777,  0.        , 0.        , 0.1273    , 0.02058811, 0.21997967, 0.1273    , 0.60866324,-0.00771008, 0.04718363, 0.66244392,-0.01274346, 0.61692883, 0.67315074, 0.1016566 , 0.61692883, 0.68270536, 0.10076237, 0.73223017, 0.03928199
3.037, -0.0888335781192, 0.14308203365, -1.62890876519, -1.59558784433, -1.4863943782, 3.03947504778,  0.        , 0.        , 0.1273    , 0.01991736, 0.22004142, 0.1273    , 0.60802478,-0.00579473, 0.04232174, 0.65813455,-0.01033048, 0.61240571, 0.66849254, 0.10410169, 0.61240571, 0.67626463, 0.10339819, 0.72784223, 0.03105601
3.057, -0.0874488102018, 0.146723688383, -1.63550009964, -1.59969518104, -1.48821052178, 3.05363111173,  0.        , 0.        , 0.1273    , 0.01991736, 0.22004142, 0.1273    , 0.60802478,-0.00579473, 0.04232174, 0.65813455,-0.01033048, 0.61240571, 0.66849254, 0.10410169, 0.61240571, 0.67626463, 0.10339819, 0.72784223, 0.03105601
3.077, -0.0861207786844, 0.150216137674, -1.64182137529, -1.60363423277, -1.48995225469, 3.06720717633,  0.        , 0.        , 0.1273    , 0.01929641, 0.22009674, 0.1273    , 0.60739395,-0.00402258, 0.03782694, 0.65410217,-0.0081176 , 0.60820301, 0.66413724, 0.10634334, 0.60820301, 0.67025698, 0.10580681, 0.7237398 , 0.0233936 
3.096, -0.0848597496906, 0.153532383719, -1.64782372652, -1.60737454932, -1.49160611276, 3.08009829393,  0.        , 0.        , 0.1273    , 0.01929641, 0.22009674, 0.1273    , 0.60739395,-0.00402258, 0.03782694, 0.65410217,-0.0081176 , 0.60820301, 0.66413724, 0.10634334, 0.60820301, 0.67025698, 0.10580681, 0.7237398 , 0.0233936 
3.116, -0.0836799767266, 0.156634942739, -1.65343930823, -1.61087385357, -1.49315340227, 3.09215875516,  0.        , 0.        , 0.1273    , 0.0187265 , 0.22014596, 0.1273    , 0.60678135,-0.00239716, 0.03370689, 0.65036505,-0.00610457, 0.60433287, 0.66010374, 0.10838197, 0.60433287, 0.66470542, 0.10799054, 0.71994066, 0.01632147
3.138, -0.0825980961597, 0.159480064543, -1.65858893322, -1.61408280065, -1.49457230439, 3.10321849138,  0.        , 0.        , 0.1273    , 0.0187265 , 0.22014596, 0.1273    , 0.60678135,-0.00239716, 0.03370689, 0.65036505,-0.00610457, 0.60433287, 0.66010374, 0.10838197, 0.60433287, 0.66470542, 0.10799054, 0.71994066, 0.01632147
3.155, -0.0816315226984, 0.16202195209, -1.66318970949, -1.61694973709, -1.49583997945, 3.11309947728,  0.        , 0.        , 0.1273    , 0.01822856, 0.22018775, 0.1273    , 0.6062198 ,-0.00097802, 0.03011141, 0.64707164,-0.00436   , 0.60094149, 0.65655138, 0.11014828, 0.60094149, 0.65982573, 0.1098772 , 0.71659483, 0.01011173
3.176, -0.0807968448709, 0.164216981041, -1.66716267758, -1.61942545994, -1.49693467136, 3.12163213335,  0.        , 0.        , 0.1273    , 0.01822856, 0.22018775, 0.1273    , 0.6062198 ,-0.00097802, 0.03011141, 0.64707164,-0.00436   , 0.60094149, 0.65655138, 0.11014828, 0.60094149, 0.65982573, 0.1098772 , 0.71659483, 0.01011173
3.198, -0.0801082205048, 0.166027919316, -1.67044044791, -1.62146797594, -1.49783781193, 3.12867172849,  0.        , 0.        , 0.1273    , 0.01783192, 0.22022023, 0.1273    , 0.60575495, 0.00015164, 0.0272503 , 0.64442949,-0.00297996, 0.59823346, 0.65370295, 0.1115452 , 0.59823346, 0.65591949, 0.11136572, 0.71391208, 0.00514515
3.215, -0.0795757722064, 0.167428146651, -1.6729748381, -1.62304726064, -1.49853612522, 3.13411478248,  0.        , 0.        , 0.1273    , 0.01768027, 0.22023245, 0.1273    , 0.60557311, 0.00058336, 0.02615708, 0.64341491,-0.00245459, 0.59719654, 0.6526095 , 0.11207694, 0.59719654, 0.6544215 , 0.11193147, 0.71288226, 0.00324172
3.236, -0.0792039828395, 0.168405874152, -1.67474451033, -1.62415001753, -1.49902373193, 3.13791546855,  0.        , 0.        , 0.1273    , 0.017563  , 0.22024184, 0.1273    , 0.60543095, 0.0009171 , 0.02531203, 0.64262874,-0.00204921, 0.59639417, 0.65176235, 0.11248719, 0.59639417, 0.65326149, 0.11236764, 0.7120844 , 0.00176864
3.256, -0.0789900910048, 0.168968363846, -1.67576260866, -1.62478443725, -1.49930425369, 3.1401020159,  0.        , 0.        , 0.1273    , 0.01748112, 0.22024835, 0.1273    , 0.60533087, 0.0011501 , 0.02472207, 0.6420789 ,-0.00176659, 0.59583359, 0.65116993, 0.1127732 , 0.59583359, 0.65245061, 0.11267155, 0.71152646, 0.00074094
3.274, -0.0789224865184, 0.169146148246, -1.67608439637, -1.62498495665, -1.49939291747, 3.14079311226,  0.        , 0.        , 0.1273    , 0.01748112, 0.22024835, 0.1273    , 0.60533087, 0.0011501 , 0.02472207, 0.6420789 ,-0.00176659, 0.59583359, 0.65116993, 0.1127732 , 0.59583359, 0.65245061, 0.11267155, 0.71152646, 0.00074094
3.297, -0.0789224836137, 0.169146156399, -1.67608441054, -1.62498496549, -1.49939292138, 3.14079314272,  0.        , 0.        , 0.1273    , 0.01748112, 0.22024835, 0.1273    , 0.60533087, 0.0011501 , 0.02472207, 0.6420789 ,-0.00176659, 0.59583359, 0.65116993, 0.1127732 , 0.59583359, 0.65245061, 0.11267155, 0.71152646, 0.00074094
3.314, -0.0789224836126, 0.169146156343, -1.67608441055, -1.62498496549, -1.49939292138, 3.14079314272,  0.        , 0.        , 0.1273    , 0.01741912, 0.22025326, 0.1273    , 0.60525466, 0.0013265 , 0.02427546, 0.64166213,-0.00155285, 0.59540898, 0.65072091, 0.1129895 , 0.59540898, 0.65183616, 0.11290129, 0.71110357, 0.00008961
3.341, -0.0789224836119, 0.169146156353, -1.67608441055, -1.62498496549, -1.49939292138, 3.14079314272,  0.        , 0.        , 0.1273    , 0.01741912, 0.22025326, 0.1273    , 0.60525466, 0.0013265 , 0.02427546, 0.64166212,-0.00155285, 0.59540898, 0.6507209 , 0.1129895 , 0.59540898, 0.65183616, 0.1129013 , 0.71110357, 0.00008961
3.35, -0.078922483612, 0.169146156352, -1.67608441055, -1.62498496549, -1.49939292138, 3.14079314272,  0.        , 0.        , 0.1273    , 0.01741912, 0.22025326, 0.1273    , 0.60525466, 0.0013265 , 0.02427546, 0.64166212,-0.00155285, 0.59540898, 0.6507209 , 0.1129895 , 0.59540898, 0.65183616, 0.1129013 , 0.71110357, 0.00008961
3.377, -0.078922483612, 0.169146156352, -1.67608441055, -1.62498496549, -1.49939292138, 3.14079314272,  0.        , 0.        , 0.1273    , 0.01741912, 0.22025326, 0.1273    , 0.60525466, 0.0013265 , 0.02427546, 0.64166212,-0.00155285, 0.59540898, 0.6507209 , 0.1129895 , 0.59540898, 0.65183616, 0.1129013 , 0.71110357, 0.00008961
3.398, -0.078922483612, 0.169146156352, -1.67608441055, -1.62498496549, -1.49939292138, 3.14079314272,  0.        , 0.        , 0.1273    , 0.01741912, 0.22025326, 0.1273    , 0.60525466, 0.0013265 , 0.02427546, 0.64166212,-0.00155285, 0.59540898, 0.6507209 , 0.1129895 , 0.59540898, 0.65183616, 0.1129013 , 0.71110357, 0.00008961
3.417, -0.078922483612, 0.169146156352, -1.67608441055, -1.62498496549, -1.49939292138, 3.14079314272,  0.        , 0.        , 0.1273    , 0.01741912, 0.22025326, 0.1273    , 0.60525466, 0.0013265 , 0.02427546, 0.64166212,-0.00155285, 0.59540898, 0.6507209 , 0.1129895 , 0.59540898, 0.65183616, 0.1129013 , 0.71110357, 0.00008961
3.437, -0.078922483612, 0.169146156352, -1.67608441055, -1.62498496549, -1.49939292138, 3.14079314272,  0.        , 0.        , 0.1273    , 0.01741912, 0.22025326, 0.1273    , 0.60525466, 0.0013265 , 0.02427546, 0.64166212,-0.00155285, 0.59540898, 0.6507209 , 0.1129895 , 0.59540898, 0.65183616, 0.1129013 , 0.71110357, 0.00008961
3.457, -0.078922483612, 0.169146156352, -1.67608441055, -1.62498496549, -1.49939292138, 3.14079314272,  0.        , 0.        , 0.1273    , 0.01741912, 0.22025326, 0.1273    , 0.60525466, 0.0013265 , 0.02427546, 0.64166212,-0.00155285, 0.59540898, 0.6507209 , 0.1129895 , 0.59540898, 0.65183616, 0.1129013 , 0.71110357, 0.00008961
