t, j0, j1, j2, j3, j4, j5, l0x, l0y, l0z, l1x, l1y, l1z, l2x, l2y, l2z, l3x, l3y, l3z, l4x, l4y, l4z, l5x, l5y, l5z, l6x, l6y, l6z, ed
0.02, 0.000315334571312, -1.57060557267, -7.11077674005e-05, -1.5706028426, -7.7142876223e-05, 5.75743194862e-05,  0.        , 0.        , 0.1273    ,-0.00006967, 0.22094099, 0.1273    , 0.00010128, 0.04904103, 0.73929999, 0.00016975, 0.04904106, 1.31159998, 0.00013352, 0.16394105, 1.31159998, 0.00016975, 0.16394106, 1.42729998, 0.96964819
0.038, 0.000315334571312, -1.57060557267, -7.11077673996e-05, -1.5706028426, -7.71428762212e-05, 5.75743194871e-05,  0.        , 0.        , 0.1273    ,-0.00006967, 0.22094099, 0.1273    , 0.00010128, 0.04904103, 0.73929999, 0.00016975, 0.04904106, 1.31159998, 0.00013352, 0.16394105, 1.31159998, 0.00016975, 0.16394106, 1.42729998, 0.96964819
0.061, 0.000315334571312, -1.57060557267, -7.11077674005e-05, -1.5706028426, -7.71428762221e-05, 5.75743194871e-05,  0.        , 0.        , 0.1273    ,-0.00006967, 0.22094099, 0.1273    , 0.00010128, 0.04904103, 0.73929999, 0.00016975, 0.04904106, 1.31159998, 0.00013352, 0.16394105, 1.31159998, 0.00016975, 0.16394106, 1.42729998, 0.96964819
0.08, 0.000315334571312, -1.57060557267, -7.11077674005e-05, -1.5706028426, -7.71428762238e-05, 5.75743194871e-05,  0.        , 0.        , 0.1273    ,-0.00006967, 0.22094099, 0.1273    , 0.00010128, 0.04904103, 0.73929999, 0.00016975, 0.04904106, 1.31159998, 0.00013352, 0.16394105, 1.31159998, 0.00016975, 0.16394106, 1.42729998, 0.96964819
0.099, 0.000315334571312, -1.57060557267, -7.11077674005e-05, -1.5706028426, -7.71428762221e-05, 5.75743194871e-05,  0.        , 0.        , 0.1273    ,-0.00006967, 0.22094099, 0.1273    , 0.00010128, 0.04904103, 0.73929999, 0.00016975, 0.04904106, 1.31159998, 0.00013352, 0.16394105, 1.31159998, 0.00016975, 0.16394106, 1.42729998, 0.96964819
0.119, 0.000315334571312, -1.57060557267, -7.11077674005e-05, -1.5706028426, -7.7142876223e-05, 5.75743194871e-05,  0.        , 0.        , 0.1273    ,-0.00006967, 0.22094099, 0.1273    , 0.00010128, 0.04904103, 0.73929999, 0.00016975, 0.04904106, 1.31159998, 0.00013352, 0.16394105, 1.31159998, 0.00016975, 0.16394106, 1.42729998, 0.96964819
0.139, 0.000315334571312, -1.57060557267, -7.11077673996e-05, -1.5706028426, -7.7142876223e-05, 5.75743194871e-05,  0.        , 0.        , 0.1273    ,-0.00006967, 0.22094099, 0.1273    , 0.00010128, 0.04904103, 0.73929999, 0.00016975, 0.04904106, 1.31159998, 0.00013352, 0.16394105, 1.31159998, 0.00016975, 0.16394106, 1.42729998, 0.96964819
0.159, 0.000315334571312, -1.57060557267, -7.11077674005e-05, -1.5706028426, -7.71428762212e-05, 5.75743194871e-05,  0.        , 0.        , 0.1273    ,-0.00006967, 0.22094099, 0.1273    , 0.00010128, 0.04904103, 0.73929999, 0.00016975, 0.04904106, 1.31159998, 0.00013352, 0.16394105, 1.31159998, 0.00016975, 0.16394106, 1.42729998, 0.96964819
0.179, 0.000315334571312, -1.57060557267, -7.11077674005e-05, -1.5706028426, -7.71428762238e-05, 5.75743194862e-05,  0.        , 0.        , 0.1273    ,-0.00006967, 0.22094099, 0.1273    , 0.00010128, 0.04904103, 0.73929999, 0.00016975, 0.04904106, 1.31159998, 0.00013352, 0.16394105, 1.31159998, 0.00016975, 0.16394106, 1.42729998, 0.96964819
0.199, 0.000315334571312, -1.57060557267, -7.11077674005e-05, -1.5706028426, -7.71428762238e-05, 5.75743194871e-05,  0.        , 0.        , 0.1273    ,-0.00006967, 0.22094099, 0.1273    , 0.00010128, 0.04904103, 0.73929999, 0.00016975, 0.04904106, 1.31159998, 0.00013352, 0.16394105, 1.31159998, 0.00016975, 0.16394106, 1.42729998, 0.96964819
0.22, 0.000315334571312, -1.57060557267, -7.11077674005e-05, -1.5706028426, -7.7142876223e-05, 5.75743194871e-05,  0.        , 0.        , 0.1273    ,-0.00006967, 0.22094099, 0.1273    , 0.00010128, 0.04904103, 0.73929999, 0.00016975, 0.04904106, 1.31159998, 0.00013352, 0.16394105, 1.31159998, 0.00016975, 0.16394106, 1.42729998, 0.96964819
0.24, 0.000315334571312, -1.57060557267, -7.11077673996e-05, -1.5706028426, -7.7142876223e-05, 5.75743194871e-05,  0.        , 0.        , 0.1273    ,-0.00006967, 0.22094099, 0.1273    , 0.00010128, 0.04904103, 0.73929999, 0.00016975, 0.04904106, 1.31159998, 0.00013352, 0.16394105, 1.31159998, 0.00016975, 0.16394106, 1.42729998, 0.96964819
0.259, 0.000312540038909, -1.57056078367, -0.000114253287069, -1.57060424646, -0.000115734090364, 0.000138397394154,  0.        , 0.        , 0.1273    ,-0.00006967, 0.22094099, 0.1273    , 0.00010128, 0.04904103, 0.73929999, 0.00016975, 0.04904106, 1.31159998, 0.00013352, 0.16394105, 1.31159998, 0.00016975, 0.16394106, 1.42729998, 0.96964819
0.279, 0.000284619129912, -1.570135886, -0.000523557459256, -1.57061756437, -0.000481859303242, 0.000905411263568,  0.        , 0.        , 0.1273    ,-0.00006967, 0.22094099, 0.1273    , 0.00010128, 0.04904103, 0.73929999, 0.00016975, 0.04904106, 1.31159998, 0.00013352, 0.16394105, 1.31159998, 0.00016975, 0.16394106, 1.42729998, 0.96964819
0.299, 0.000224725691661, -1.56898209915, -0.00163499744361, -1.57065372829, -0.00147604515626, 0.00298812710074,  0.        , 0.        , 0.1273    ,-0.00006288, 0.22094099, 0.1273    , 0.00039023, 0.04904111, 0.73929987, 0.00046857, 0.04904114, 1.31159986, 0.00043587, 0.16394113, 1.31159986, 0.00047239, 0.16394114, 1.42729986, 0.96944474
0.32, -0.000273679252265, -1.56688870264, -0.0036515601821, -1.57071934301, -0.00327986474222, 0.00676693933868,  0.        , 0.        , 0.1273    ,-0.00006288, 0.22094099, 0.1273    , 0.00039023, 0.04904111, 0.73929987, 0.00046857, 0.04904114, 1.31159986, 0.00043587, 0.16394113, 1.31159986, 0.00047239, 0.16394114, 1.42729986, 0.96944474
0.339, -0.000194911313907, -1.56376205921, -0.00666344374441, -1.57081734337, -0.00597400085921, 0.0124108707423, 0.        ,0.        ,0.1273    ,0.00006047,0.22094099,0.1273    ,0.00240488,0.04904034,0.73929533,0.00255143,0.0490403 ,1.31159531,0.00258287,0.1639403 ,1.31159531,0.00262141,0.16394029,1.4272953 ,0.96799869
0.359, -0.000365638136383, -1.55960389297, -0.0106689894201, -1.5709476754, -0.00955696977107, 0.0199168132104, 0.        ,0.        ,0.1273    ,0.00006047,0.22094099,0.1273    ,0.00240488,0.04904034,0.73929533,0.00255143,0.0490403 ,1.31159531,0.00258287,0.1639403 ,1.31159531,0.00262141,0.16394029,1.4272953 ,0.96799869
0.379, -0.000570126384025, -1.55448955193, -0.0155956135195, -1.57110797737, -0.0139638452673, 0.0291487531515, 0.        ,0.        ,0.1273    ,0.00008078,0.22094099,0.1273    ,0.00686756,0.04903849,0.73926167,0.00716712,0.04903838,1.31156159,0.00720914,0.16393838,1.31156159,0.00725219,0.16393836,1.42726158,0.96487385
0.399, -0.00080997634371, -1.54854628407, -0.0213207394181, -1.57129426092, -0.0190849822823, 0.0398769957223, 0.        ,0.        ,0.1273    ,0.00012596,0.22094096,0.1273    ,0.01000726,0.0490353 ,0.73921863,0.01041426,0.04903507,1.31151849,0.01047977,0.16393505,1.31151849,0.01052599,0.16393503,1.42721848,0.96265758
0.419, -0.0010806211152, -1.5419315044, -0.0276927294315, -1.57150159206, -0.0247847406063, 0.0518173889673, 0.        ,0.        ,0.1273    ,0.00012596,0.22094096,0.1273    ,0.01000726,0.0490353 ,0.73921863,0.01041426,0.04903507,1.31151849,0.01047977,0.16393505,1.31151849,0.01052599,0.16393503,1.42721848,0.96265758
0.439, -0.0013766926426, -1.53481106751, -0.0345518168045, -1.57172477232, -0.0309202085368, 0.0646705479293, 0.        ,0.        ,0.1273    ,0.00023875,0.22094087,0.1273    ,0.0177158 ,0.04902188,0.73904507,0.01838659,0.04902116,1.31134467,0.01851075,0.16392109,1.31134467,0.01856477,0.16392103,1.42704466,0.95719015
0.46, -0.00169309388402, -1.52733753714, -0.0417510376341, -1.5719590198, -0.0373599265534, 0.0781610787641, 0.        ,0.        ,0.1273    ,0.00023875,0.22094087,0.1273    ,0.0177158 ,0.04902188,0.73904507,0.01838659,0.04902116,1.31134467,0.01851075,0.16392109,1.31134467,0.01856477,0.16392103,1.42704466,0.95719015
0.479, -0.00202581358866, -1.51962845687, -0.0491771628172, -1.57220065028, -0.0440026109836, 0.0920768028505, 0.        ,0.        ,0.1273    ,0.00037407,0.22094068,0.1273    ,0.0266714 ,0.04899591,0.73872216,0.02764875,0.04899426,1.31102132,0.02784328,0.16389409,1.31102132,0.02790635,0.16389399,1.42672131,0.95079064
0.499, -0.0023727054436, -1.51174462062, -0.056771629995, -1.57244775825, -0.0507958776704, 0.106307980901, 0.        ,0.        ,0.1273    ,0.00037407,0.22094068,0.1273    ,0.0266714 ,0.04899591,0.73872216,0.02764875,0.04899426,1.31102132,0.02784328,0.16389409,1.31102132,0.02790635,0.16389399,1.42672131,0.95079064
0.518, -0.0027342587342, -1.50366834315, -0.0645514754958, -1.57270089804, -0.0577549656391, 0.120886537072, 0.        ,0.        ,0.1273    ,0.00052423,0.22094038,0.1273    ,0.0362349 ,0.04895516,0.73823326,0.03753978,0.04895207,1.31053177,0.03781241,0.16385174,1.31053177,0.03788514,0.16385157,1.42623175,0.94389897
0.539, -0.00311436632099, -1.4952817305, -0.072630266279, -1.57296376488, -0.0649814607653, 0.136025283074, 0.        ,0.        ,0.1273    ,0.00052423,0.22094038,0.1273    ,0.0362349 ,0.04895516,0.73823326,0.03753978,0.04895207,1.31053177,0.03781241,0.16385174,1.31053177,0.03788514,0.16385157,1.42623175,0.94389897
0.561, -0.00352255258707, -1.48631593309, -0.081266984618, -1.57324478553, -0.0727070232147, 0.152209522559, 0.        ,0.        ,0.1273    ,0.00068809,0.22093993,0.1273    ,0.04632353,0.04889697,0.73755588,0.04797422,0.04889183,1.3098535 ,0.04833206,0.16379127,1.3098535 ,0.04841501,0.16379101,1.42555347,0.93656309
0.58, -0.00398870625369, -1.47607818279, -0.0911289725217, -1.57356567387, -0.0815285917645, 0.170689779397, 0.        ,0.        ,0.1273    ,0.00077827,0.22093963,0.1273    ,0.05181295,0.04885879,0.7371174 ,0.05365197,0.04885231,1.30941444,0.05405671,0.1637516 ,1.30941444,0.05414522,0.16375129,1.42511441,0.93254299
0.6, -0.00452944145473, -1.46420249196, -0.102568780006, -1.57393790115, -0.0917615232709, 0.192126692893, 0.        ,0.        ,0.1273    ,0.00077827,0.22093963,0.1273    ,0.05181295,0.04885879,0.7371174 ,0.05365197,0.04885231,1.30941444,0.05405671,0.1637516 ,1.30941444,0.05414522,0.16375129,1.42511441,0.93254299
0.619, -0.00513066926623, -1.45099829338, -0.115288331669, -1.57435176861, -0.103139188673, 0.215961703229, 0.        ,0.        ,0.1273    ,0.00100074,0.22093873,0.1273    ,0.06533342,0.04874558,0.73582644,0.06763693,0.04873514,1.30812181,0.06815736,0.16363396,1.30812181,0.06825958,0.1636335 ,1.42382176,0.92255461
0.639, -0.00576496150027, -1.43706794953, -0.128707375494, -1.57478839607, -0.115142551302, 0.241107483274, 0.        ,0.        ,0.1273    ,0.00100074,0.22093873,0.1273    ,0.06533342,0.04874558,0.73582644,0.06763693,0.04873514,1.30812181,0.06815736,0.16363396,1.30812181,0.06825958,0.1636335 ,1.42382176,0.92255461
0.66, -0.00640976084435, -1.42290684735, -0.142348708431, -1.57523225638, -0.127344752, 0.266669808082, 0.        ,0.        ,0.1273    ,0.00127371,0.22093733,0.1273    ,0.08187941,0.04856978,0.73383587,0.08475287,0.04855321,1.30612865,0.08541526,0.1634513 ,1.30612865,0.08553431,0.16345062,1.42182859,0.9101577 
0.677, -0.00706549560819, -1.40850555821, -0.156221415039, -1.57568364512, -0.139753916865, 0.292665701009, 0.        ,0.        ,0.1273    ,0.00141617,0.22093646,0.1273    ,0.09049129,0.04846197,0.73261957,0.09366219,0.04844165,1.30491079,0.09439866,0.16333929,1.30491079,0.09452649,0.16333847,1.42061072,0.9036272 
0.7, -0.00775666099477, -1.39332613573, -0.170843696384, -1.57615942348, -0.152833577842, 0.320066212634, 0.        ,0.        ,0.1273    ,0.00141617,0.22093646,0.1273    ,0.09049129,0.04846197,0.73261957,0.09366219,0.04844165,1.30491079,0.09439866,0.16333929,1.30491079,0.09452649,0.16333847,1.42061072,0.9036272 
0.72, -0.00849146894469, -1.3771882723, -0.186389238902, -1.57666524283, -0.166739097907, 0.349196811952, 0.        ,0.        ,0.1273    ,0.00171375,0.22093435,0.1273    ,0.10841966,0.04820148,0.72968759,0.11221186,0.04817207,1.30197503,0.11310309,0.16306861,1.30197503,0.11324926,0.16306748,1.41767494,0.88985329
0.742, -0.00926073800438, -1.36029361165, -0.202663801139, -1.57719478298, -0.181296727644, 0.379693512243, 0.        ,0.        ,0.1273    ,0.00187609,0.22093303,0.1273    ,0.11816146,0.04803938,0.72786566,0.1222926 ,0.0480043 ,1.30015074,0.12326826,0.16290016,1.30015074,0.12342444,0.16289883,1.41585064,0.88226423
0.757, -0.010052637669, -1.34290197281, -0.219417101541, -1.57773990031, -0.19628258965, 0.411087313948, 0.        ,0.        ,0.1273    ,0.00204605,0.22093153,0.1273    ,0.12832701,0.04785467,0.72579071,0.13281298,0.04781312,1.29807313,0.13387703,0.16270819,1.29807313,0.13404368,0.16270665,1.41377301,0.87426355
0.78, -0.0108666838883, -1.32502398138, -0.236638905711, -1.5783002618, -0.211687529197, 0.443359038901, 0.        ,0.        ,0.1273    ,0.002221  ,0.22092984,0.1273    ,0.13875321,0.0476486 ,0.7234763 ,0.14360444,0.04759983,1.29575573,0.14475947,0.16249402,1.29575573,0.14493691,0.16249224,1.4114556 ,0.86596859
0.799, -0.0117127768853, -1.30644222587, -0.254538644782, -1.57888268192, -0.227698882883, 0.476901137515, 0.        ,0.        ,0.1273    ,0.002221  ,0.22092984,0.1273    ,0.13875321,0.0476486 ,0.7234763 ,0.14360444,0.04759983,1.29575573,0.14475947,0.16249402,1.29575573,0.14493691,0.16249224,1.4114556 ,0.86596859
0.819, -0.0125920544109, -1.28713173679, -0.273140370848, -1.57948794328, -0.24433816538, 0.51175868074, 0.        ,0.        ,0.1273    ,0.00258777,0.22092584,0.1273    ,0.16047037,0.04716472,0.71804002,0.16608728,0.04709893,1.29031245,0.16743305,0.16199105,1.29031245,0.16763309,0.16198871,1.40601228,0.84838805
0.839, -0.0135007839934, -1.2671744883, -0.29236511955, -1.58011347655, -0.261534742871, 0.547783698185, 0.        ,0.        ,0.1273    ,0.00258777,0.22092584,0.1273    ,0.16047037,0.04716472,0.71804002,0.16608728,0.04709893,1.29031245,0.16743305,0.16199105,1.29031245,0.16763309,0.16198871,1.40601228,0.84838805
0.86, -0.0144382805518, -1.24658552948, -0.312198395035, -1.58075881008, -0.279275648754, 0.5849490262, 0.        ,0.        ,0.1273    ,0.00298279,0.22092086,0.1273    ,0.18362014,0.0465663 ,0.71130706,0.19006163,0.04647933,1.2835708 ,0.19161283,0.16136886,1.2835708 ,0.19183722,0.16136583,1.39927058,0.82917013
0.88, -0.0154131061608, -1.22517683156, -0.33282132539, -1.5814298374, -0.297722902452, 0.62359407841, 0.        ,0.        ,0.1273    ,0.0031899 ,0.22091797,0.1273    ,0.19564693,0.04622111,0.70741629,0.20252075,0.04612186,1.279675  ,0.20417965,0.16100988,1.279675  ,0.2044168 ,0.16100646,1.39537475,0.81897887
0.899, -0.0164233631742, -1.20299009778, -0.354193736243, -1.58212525133, -0.316840567948, 0.663643572621, 0.        ,0.        ,0.1273    ,0.0031899 ,0.22091797,0.1273    ,0.19564693,0.04622111,0.70741629,0.20252075,0.04612186,1.279675  ,0.20417965,0.16100988,1.279675  ,0.2044168 ,0.16100646,1.39537475,0.81897887
0.919, -0.0174558893623, -1.18031438706, -0.376037179602, -1.58283599176, -0.336379572885, 0.704575728526, 0.        ,0.        ,0.1273    ,0.00362843,0.2209112 ,0.1273    ,0.22083209,0.04542048,0.69836846,0.22862122,0.04529255,1.27061544,0.23050818,0.16017705,1.27061544,0.23077236,0.16017271,1.38631514,0.79714524
0.939, -0.0185105598839, -1.15715243501, -0.398349022544, -1.58356197304, -0.356337562032, 0.746385612209, 0.        ,0.        ,0.1273    ,0.00385653,0.22090734,0.1273    ,0.2337686 ,0.04496742,0.69323214,0.24203379,0.04482313,1.26547244,0.24403937,0.15970562,1.26547244,0.2443176 ,0.15970077,1.3811721 ,0.78565493
0.959, -0.0195934545271, -1.13337074345, -0.421257862136, -1.58430737945, -0.376829565753, 0.789314200155, 0.        ,0.        ,0.1273    ,0.00408951,0.22090315,0.1273    ,0.2468581 ,0.0444794 ,0.6876853 ,0.25560952,0.04431739,1.25991836,0.25773626,0.1591977 ,1.25991836,0.25802884,0.15919229,1.37561799,0.77382585
0.979, -0.0207019755783, -1.10902636684, -0.444708738337, -1.58507042271, -0.397806422154, 0.833258503393, 0.        ,0.        ,0.1273    ,0.00432872,0.22089859,0.1273    ,0.26015967,0.04395234,0.68167727,0.26941028,0.04377106,1.25390247,0.27166143,0.15864901,1.25390247,0.27196874,0.15864298,1.36960206,0.76158486
0.999, -0.0218346572785, -1.08415149459, -0.468670644772, -1.58585009395, -0.419240395912, 0.878160419379, 0.        ,0.        ,0.1273    ,0.00432872,0.22089859,0.1273    ,0.26015967,0.04395234,0.68167727,0.26941028,0.04377106,1.25390247,0.27166143,0.15864901,1.25390247,0.27196874,0.15864298,1.36960206,0.76158486
1.019, -0.0229956183964, -1.05865568282, -0.493230706196, -1.58664922804, -0.441209420269, 0.924183210066, 0.        ,0.        ,0.1273    ,0.00482379,0.22088834,0.1273    ,0.28721216,0.04278052,0.66825103,0.29749578,0.04255594,1.24045859,0.30000439,0.15742855,1.24045859,0.3003422 ,0.15742118,1.3561581 ,0.73595139
1.039, -0.024182207843, -1.03259716241, -0.518332828689, -1.58746599979, -0.463663319096, 0.971221761754, 0.        ,0.        ,0.1273    ,0.00482379,0.22088834,0.1273    ,0.28721216,0.04278052,0.66825103,0.29749578,0.04255594,1.24045859,0.30000439,0.15742855,1.24045859,0.3003422 ,0.15742118,1.3561581 ,0.73595139
1.06, -0.0253906582512, -1.00605866432, -0.54389731943, -1.58829781618, -0.486530806941, 1.01912673897, 0.        ,0.        ,0.1273    ,0.00534232,0.2208764 ,0.1273    ,0.31479951,0.04144131,0.6527835 ,0.32616494,0.04116642,1.22497057,0.32894321,0.15603282,1.22497057,0.32931295,0.15602388,1.34066997,0.70868409
1.079, -0.0266230482153, -0.978994546641, -0.569968145839, -1.58914610782, -0.509851212717, 1.06798053167, 0.        ,0.        ,0.1273    ,0.00534232,0.2208764 ,0.1273    ,0.31479951,0.04144131,0.6527835 ,0.32616494,0.04116642,1.22497057,0.32894321,0.15603282,1.22497057,0.32931295,0.15602388,1.34066997,0.70868409
1.099, -0.0278811346351, -0.951366230528, -0.59658247136, -1.59001208394, -0.533657779173, 1.11785277992, 0.        ,0.        ,0.1273    ,0.00588143,0.2208627 ,0.1273    ,0.34259314,0.03993536,0.63522138,0.35508311,0.03960276,1.20738497,0.35814174,0.15446204,1.20738497,0.35854468,0.15445131,1.32308427,0.67990045
1.119, -0.0291667400841, -0.923133694518, -0.623778849653, -1.59089699899, -0.557984992593, 1.16881572886, 0.        ,0.        ,0.1273    ,0.00588143,0.2208627 ,0.1273    ,0.34259314,0.03993536,0.63522138,0.35508311,0.03960276,1.20738497,0.35814174,0.15446204,1.20738497,0.35854468,0.15445131,1.32308427,0.67990045
1.139, -0.0304819797142, -0.894250492728, -0.651602022921, -1.59180230881, -0.58287287493, 1.2209532203, 0.        ,0.        ,0.1273    ,0.00644322,0.22084703,0.1273    ,0.37050742,0.03825231,0.61536765,0.38416899,0.03785373,1.18750443,0.38751978,0.15270486,1.18750443,0.3879573 ,0.1526921 ,1.3032036 ,0.64945765
1.16, -0.0318227710546, -0.864806282382, -0.679965624974, -1.5927252032, -0.608244171432, 1.27410341367, 0.        ,0.        ,0.1273    ,0.00644322,0.22084703,0.1273    ,0.37050742,0.03825231,0.61536765,0.38416899,0.03785373,1.18750443,0.38751978,0.15270486,1.18750443,0.3879573 ,0.1526921 ,1.3032036 ,0.64945765
1.179, -0.033188144866, -0.834822343573, -0.708849158799, -1.59366501526, -0.634080547416, 1.32822789977, 0.        ,0.        ,0.1273    ,0.00702977,0.22082914,0.1273    ,0.3984173 ,0.03638282,0.59301339,0.41330186,0.03590899,1.1651196 ,0.41695767,0.15075082,1.1651196 ,0.41743129,0.15073574,1.28081863,0.61721088
1.199, -0.0345806391088, -0.804242951739, -0.738306304054, -1.59462349159, -0.660430019427, 1.38342726821, 0.        ,0.        ,0.1273    ,0.00702977,0.22082914,0.1273    ,0.3984173 ,0.03638282,0.59301339,0.41330186,0.03590899,1.1651196 ,0.41695767,0.15075082,1.1651196 ,0.41743129,0.15073574,1.28081863,0.61721088
1.219, -0.0359940860766, -0.773203546888, -0.768206592526, -1.59559638702, -0.687175883364, 1.43945703619, 0.        ,0.        ,0.1273    ,0.00763876,0.22080891,0.1273    ,0.42595966,0.03433451,0.5681271 ,0.44211364,0.03377567,1.1401988 ,0.44608617,0.14860697,1.1401988 ,0.44659724,0.14858929,1.25589767,0.58326129
1.239, -0.0374456858203, -0.741326413088, -0.798913881447, -1.59659554075, -0.714643610109, 1.49699903095, 0.        ,0.        ,0.1273    ,0.00795085,0.22079789,0.1273    ,0.43947536,0.03324744,0.55474009,0.45627977,0.03264232,1.12679301,0.46041459,0.14746789,1.12679301,0.46094486,0.1474488 ,1.24249179,0.56568784
1.259, -0.0389000723832, -0.709388218617, -0.829679999563, -1.59759660875, -0.742163959244, 1.55465126425, 0.        ,0.        ,0.1273    ,0.00827135,0.22078612,0.1273    ,0.45291451,0.03210778,0.5405633 ,0.47038675,0.03145321,1.11259615,0.47468825,0.14627266,1.11259615,0.47523823,0.14625206,1.22829484,0.54752351
1.279, -0.0403151931146, -0.678312368261, -0.859615438352, -1.59857064821, -0.768941263529, 1.61074689707, 0.        ,0.        ,0.1273    ,0.00827135,0.22078612,0.1273    ,0.45291451,0.03210778,0.5405633 ,0.47038675,0.03145321,1.11259615,0.47468825,0.14627266,1.11259615,0.47523823,0.14625206,1.22829484,0.54752351
1.301, -0.0417093474151, -0.647697044841, -0.889107264817, -1.5995302535, -0.795321755239, 1.66601124953, 0.        ,0.        ,0.1273    ,0.00890487,0.22076147,0.1273    ,0.47811263,0.02979523,0.51131768,0.49690461,0.02903721,1.08330857,0.50153557,0.14384385,1.08330857,0.50212449,0.1438201 ,1.19900707,0.51128773
1.319, -0.0430766819876, -0.617670763157, -0.918031679032, -1.60047139638, -0.821194695163, 1.7202123346, 0.        ,0.        ,0.1273    ,0.00890487,0.22076147,0.1273    ,0.47811263,0.02979523,0.51131768,0.49690461,0.02903721,1.08330857,0.50153557,0.14384385,1.08330857,0.50212449,0.1438201 ,1.19900707,0.51128773
1.339, -0.0444190936803, -0.588191864358, -0.946428812509, -1.60139538267, -0.846595980988, 1.77342535418, 0.        ,0.        ,0.1273    ,0.00890487,0.22076147,0.1273    ,0.47811263,0.02979523,0.51131768,0.49690461,0.02903721,1.08330857,0.50153557,0.14384385,1.08330857,0.50212449,0.1438201 ,1.19900707,0.51128773
1.358, -0.0457363617432, -0.559265190999, -0.974293998485, -1.6023020605, -0.871521438346, 1.82564156337, 0.        ,0.        ,0.1273    ,0.00951446,0.22073604,0.1273    ,0.50056957,0.02751031,0.48173238,0.52063105,0.0266456 ,1.05368   ,0.52557903,0.14143901,1.05368   ,0.5262054 ,0.14141201,1.1693783 ,0.47603278
1.38, -0.0470240156292, -0.530988904535, -1.00153267783, -1.60318835309, -0.89588648394, 1.87668376906, 0.        ,0.        ,0.1273    ,0.01010151,0.22070996,0.1273    ,0.52045856,0.02527184,0.45200485,0.54174217,0.02429773,1.02390812,0.54699544,0.13907758,1.02390812,0.54765787,0.13904726,1.13960622,0.44175404
1.398, -0.0482840174494, -0.503319913766, -1.02818635974, -1.60405561107, -0.919728247853, 1.92662975485, 0.        ,0.        ,0.1273    ,0.01010151,0.22070996,0.1273    ,0.52045856,0.02527184,0.45200485,0.54174217,0.02429773,1.02390812,0.54699544,0.13907758,1.02390812,0.54765787,0.13904726,1.13960622,0.44175404
1.416, -0.0495181846578, -0.476218302196, -1.05429349521, -1.60490508554, -0.94308112459, 1.9755515736, 0.        ,0.        ,0.1273    ,0.01066377,0.22068351,0.1273    ,0.53784566,0.02310867,0.42248987,0.56029937,0.02202367,0.9943482 ,0.56584505,0.13678976,0.9943482 ,0.56654199,0.13675609,1.11004609,0.40864972
1.438, -0.050728229218, -0.44964647149, -1.07989030241, -1.60573795497, -0.96597751139, 2.02351709411, 0.        ,0.        ,0.1273    ,0.01066377,0.22068351,0.1273    ,0.53784566,0.02310867,0.42248987,0.56029937,0.02202367,0.9943482 ,0.56584505,0.13678976,0.9943482 ,0.56654199,0.13675609,1.11004609,0.40864972
1.458, -0.0519158222607, -0.42356771988, -1.10501213581, -1.60655536972, -0.988449032905, 2.07059256669, 0.        ,0.        ,0.1273    ,0.01120314,0.22065678,0.1273    ,0.55294537,0.02103014,0.39330407,0.57652115,0.01983316,0.96511701,0.58234732,0.13458535,0.96511701,0.58307736,0.13454829,1.0808147 ,0.37666695
1.476, -0.0530787741484, -0.398030125747, -1.12961268052, -1.60735582279, -1.01045426043, 2.11669120255, 0.        ,0.        ,0.1273    ,0.01120314,0.22065678,0.1273    ,0.55294537,0.02103014,0.39330407,0.57652115,0.01983316,0.96511701,0.58234732,0.13458535,0.96511701,0.58307736,0.13454829,1.0808147 ,0.37666695
1.498, -0.0542151319044, -0.373076569298, -1.15365062937, -1.60813797012, -1.03195624464, 2.16173559673, 0.        ,0.        ,0.1273    ,0.01172177,0.22062984,0.1273    ,0.56596499,0.01904119,0.36451317,0.59061931,0.01773134,0.93628037,0.5967152 ,0.13246952,0.93628037,0.59747705,0.13242905,1.05197786,0.3457266 
1.52, -0.0553299270875, -0.348596559112, -1.17723241877, -1.60890527493, -1.05305019311, 2.20592519909, 0.        ,0.        ,0.1273    ,0.01172177,0.22062984,0.1273    ,0.56596499,0.01904119,0.36451317,0.59061931,0.01773134,0.93628037,0.5967152 ,0.13246952,0.93628037,0.59747705,0.13242905,1.05197786,0.3457266 
1.539, -0.0564195697968, -0.324668921842, -1.20028211362, -1.60965526645, -1.0736681818, 2.24911771588, 0.        ,0.        ,0.1273    ,0.01221841,0.22060289,0.1273    ,0.57702188,0.01715696,0.33634642,0.60270866,0.01573426,0.9080679 ,0.60906282,0.13045843,0.9080679 ,0.60985512,0.13041455,1.02376518,0.31594599
1.559, -0.057476963247, -0.3014494905, -1.22264959834, -1.61038306021, -1.09367593209, 2.29103184755, 0.        ,0.        ,0.1273    ,0.01221841,0.22060289,0.1273    ,0.57702188,0.01715696,0.33634642,0.60270866,0.01573426,0.9080679 ,0.60906282,0.13045843,0.9080679 ,0.60985512,0.13041455,1.02376518,0.31594599
1.579, -0.05850652384, -0.2788412825, -1.24442829613, -1.61109169601, -1.11315701123, 2.33184265866, 0.        ,0.        ,0.1273    ,0.01269203,0.22057615,0.1273    ,0.58625529,0.01538879,0.30900564,0.61292629,0.01385413,0.88068177,0.61952676,0.12856439,0.88068177,0.62034808,0.12851713,0.99637884,0.28742469
1.596, -0.0595102731045, -0.256799903298, -1.26566097179, -1.61178256534, -1.13214967242, 2.37163028562, 0.        ,0.        ,0.1273    ,0.01269203,0.22057615,0.1273    ,0.58625529,0.01538879,0.30900564,0.61292629,0.01385413,0.88068177,0.61952676,0.12856439,0.88068177,0.62034808,0.12851713,0.99637884,0.28742469
1.619, -0.0604844422984, -0.23540810577, -1.28626790817, -1.61245307434, -1.15058260856, 2.41024534759, 0.        ,0.        ,0.1273    ,0.0131405 ,0.22054989,0.1273    ,0.5938    ,0.01374899,0.28273986,0.62140266,0.01210441,0.85437145,0.62823635,0.12680101,0.85437145,0.62908514,0.12675044,0.97006833,0.26032281
1.64, -0.06142752137, -0.21469904573, -1.30621716511, -1.61310218376, -1.16842724917, 2.44762799239, 0.        ,0.        ,0.1273    ,0.01335535,0.22053698,0.1273    ,0.59699673,0.01297773,0.27004279,0.6250456 ,0.01127914,0.84165251,0.63199102,0.12596903,0.84165251,0.63285297,0.12591683,0.95734928,0.24731081
1.659, -0.0623326424769, -0.194823528923, -1.32536346902, -1.61372516667, -1.18555364683, 2.48350599383, 0.        ,0.        ,0.1273    ,0.01356332,0.22052429,0.1273    ,0.59983162,0.01224109,0.25768868,0.62831235,0.01048938,0.82927688,0.63536594,0.12517267,0.82927688,0.63624062,0.12511887,0.94497356,0.23469917
1.679, -0.0632102926, -0.175551270709, -1.34392865483, -1.61432924115, -1.20216023323, 2.51829504543, 0.        ,0.        ,0.1273    ,0.01356332,0.22052429,0.1273    ,0.59983162,0.01224109,0.25768868,0.62831235,0.01048938,0.82927688,0.63536594,0.12517267,0.82927688,0.63624062,0.12511887,0.94497356,0.23469917
1.695, -0.0640867393289, -0.15630546398, -1.36246836655, -1.61493248675, -1.21874403279, 2.55303636108, 0.        ,0.        ,0.1273    ,0.01376292,0.22051192,0.1273    ,0.60231092,0.0115441 ,0.24577916,0.63120605,0.00974065,0.8173464 ,0.63836343,0.12441751,0.8173464 ,0.63925033,0.12436215,0.93304299,0.22258261
1.717, -0.0649700154125, -0.136909714984, -1.38115252669, -1.61554043241, -1.23545704147, 2.58804835628, 0.        ,0.        ,0.1273    ,0.0141497 ,0.22048744,0.1273    ,0.6064389 ,0.01022389,0.22256991,0.63613685,0.00831804,0.79409566,0.64349538,0.12298217,0.79409566,0.64440595,0.12292373,0.90979206,0.19907083
1.744, -0.0658635631335, -0.117288434043, -1.40005395213, -1.61615544745, -1.25236439403, 2.62346748154, 0.        ,0.        ,0.1273    ,0.0141497 ,0.22048744,0.1273    ,0.6064389 ,0.01022389,0.22256991,0.63613685,0.00831804,0.79409566,0.64349538,0.12298217,0.79409566,0.64440595,0.12292373,0.90979206,0.19907083
1.758, -0.066756567424, -0.0976791049778, -1.41894387189, -1.61677008811, -1.26926145453, 2.65886504606, 0.        ,0.        ,0.1273    ,0.0141497 ,0.22048744,0.1273    ,0.6064389 ,0.01022389,0.22256991,0.61468389,0.00969478,0.79481027,0.62204242,0.1243589 ,0.79481027,0.61847263,0.12458799,0.91045496,0.20245507
1.778, -0.0676153560989, -0.0788211240668, -1.43711001611, -1.61736117855, -1.28551109653, 2.692906337, 0.        ,0.        ,0.1273    ,0.01454144,0.22046195,0.1273    ,0.60970516,0.00893204,0.19891606,0.64021598,0.00691958,0.77039863,0.64777824,0.12157045,0.77039863,0.64871277,0.12150881,0.88609484,0.17522131
1.798, -0.068428533038, -0.0609647367629, -1.45431131865, -1.61792087494, -1.30089768607, 2.72513962385, 0.        ,0.        ,0.1273    ,0.01454144,0.22046195,0.1273    ,0.60970516,0.00893204,0.19891606,0.64021598,0.00691958,0.77039863,0.64777824,0.12157045,0.77039863,0.64871277,0.12150881,0.88609484,0.17522131
1.818, -0.0692167712017, -0.0436559916049, -1.47098507591, -1.61846340604, -1.31581238542, 2.75638435043, 0.        ,0.        ,0.1273    ,0.01492762,0.22043614,0.1273    ,0.61201917,0.00770824,0.17548859,0.64333105,0.00558785,0.74692744,0.65109414,0.1202253 ,0.74692744,0.65205228,0.12016041,0.86262346,0.1516841 
1.838, -0.0699834243866, -0.0268212386197, -1.48720223629, -1.61899108038, -1.33031865806, 2.78677346604, 0.        ,0.        ,0.1273    ,0.01528061,0.22041195,0.1273    ,0.6133446 ,0.00663705,0.15400898,0.64538845,0.00441553,0.72540687,0.65333511,0.1190404 ,0.72540687,0.65431483,0.11897248,0.8411027 ,0.13015436
1.858, -0.0707187584275, -0.0106742296729, -1.50275689405, -1.61949719819, -1.34423232103, 2.81592112674, 0.        ,0.        ,0.1273    ,0.01528061,0.22041195,0.1273    ,0.6133446 ,0.00663705,0.15400898,0.64538845,0.00441553,0.72540687,0.65333511,0.1190404 ,0.72540687,0.65431483,0.11897248,0.8411027 ,0.13015436
1.878, -0.0714133641801, 0.0045783920666, -1.51745001675, -1.61997528334, -1.35737533954, 2.8434543684, 0.        ,0.        ,0.1273    ,0.01561165,0.22038875,0.1273    ,0.61390074,0.00567707,0.1338325 ,0.64663083,0.00335857,0.70519111,0.65474964,0.11797138,0.70519111,0.65574959,0.11790054,0.82088677,0.10995625
1.901, -0.0720712022357, 0.019023727662, -1.53136538221, -1.62042806181, -1.36982265301, 2.86953018117, 0.        ,0.        ,0.1273    ,0.01576473,0.22037785,0.1273    ,0.61393291,0.00524862,0.12449803,0.64698024,0.00288458,0.69583819,0.65517866,0.11749172,0.69583819,0.65618795,0.11741952,0.81153377,0.10061541
1.918, -0.0727163142482, 0.0331895579008, -1.5450115458, -1.62087208098, -1.38202916492, 2.89510154002, 0.        ,0.        ,0.1273    ,0.0159097 ,0.22036744,0.1273    ,0.61383218,0.00485226,0.11565818,0.64717994,0.00244468,0.6869807 ,0.65545376,0.1170464 ,0.6869807 ,0.65647191,0.11697289,0.8026762 ,0.0917696 
1.935, -0.0733546550885, 0.0472066952124, -1.55851447657, -1.62131143963, -1.39410755477, 2.92040449666, 0.        ,0.        ,0.1273    ,0.0159097 ,0.22036744,0.1273    ,0.61383218,0.00485226,0.11565818,0.64717994,0.00244468,0.6869807 ,0.65545376,0.1170464 ,0.6869807 ,0.65647191,0.11697289,0.8026762 ,0.0917696 
1.957, -0.0739656264304, 0.0606228321718, -1.57143845856, -1.62173196042, -1.40566807404, 2.94462256891, 0.        ,0.        ,0.1273    ,0.01605186,0.22035713,0.1273    ,0.61360948,0.00447271,0.10699172,0.64725179,0.00202205,0.67829679,0.65559953,0.1166184 ,0.67829679,0.65662636,0.1165436 ,0.79399221,0.08309601
1.979, -0.074520317562, 0.0728031292313, -1.58317193966, -1.62211374468, -1.41616368857, 2.96660977772, 0.        ,0.        ,0.1273    ,0.01632714,0.2203369 ,0.1273    ,0.61282953,0.00376429,0.09022155,0.64704211,0.00122911,0.66149238,0.65553301,0.11581495,0.66149238,0.65657665,0.11573762,0.77718765,0.06630354
1.996, -0.0750002944896, 0.0833427995623, -1.59332498065, -1.62244410454, -1.42524559724, 2.98563542143, 0.        ,0.        ,0.1273    ,0.01632714,0.2203369 ,0.1273    ,0.61282953,0.00376429,0.09022155,0.64704211,0.00122911,0.66149238,0.65553301,0.11581495,0.66149238,0.65657665,0.11573762,0.77718765,0.06630354
2.019, -0.0754161982926, 0.0924755039909, -1.60212266934, -1.62273036391, -1.43311514143, 3.00212128903, 0.        ,0.        ,0.1273    ,0.01655511,0.22031989,0.1273    ,0.6118359 ,0.00320515,0.07635323,0.64652061,0.00059889,0.64759527,0.65513007,0.11517589,0.64759527,0.65618762,0.11509642,0.76329041,0.0524027 
2.039, -0.0758000071717, 0.100903441271, -1.61024144504, -1.6229945328, -1.44037739702, 3.01733495088, 0.        ,0.        ,0.1273    ,0.01655511,0.22031989,0.1273    ,0.6118359 ,0.00320515,0.07635323,0.64652061,0.00059889,0.64759527,0.65513007,0.11517589,0.64759527,0.65618762,0.11509642,0.76329041,0.0524027 
2.06, -0.0761630482384, 0.108875342887, -1.61792091519, -1.62324440755, -1.44724669317, 3.03172540403, 0.        ,0.        ,0.1273    ,0.0167313 ,0.22030658,0.1273    ,0.61085247,0.00279072,0.06565183,0.64590199,0.00012886,0.63687135,0.65460308,0.11469894,0.63687135,0.65567138,0.1146178 ,0.75256639,0.0416638 
2.079, -0.0765102217194, 0.116498812109, -1.62526473556, -1.62348336092, -1.45381575012, 3.04548688763, 0.        ,0.        ,0.1273    ,0.0167313 ,0.22030658,0.1273    ,0.61085247,0.00279072,0.06565183,0.64590199,0.00012886,0.63687135,0.65460308,0.11469894,0.63687135,0.65567138,0.1146178 ,0.75256639,0.0416638 
2.099, -0.0768437215098, 0.123822024348, -1.63231931427, -1.62371290293, -1.46012608, 3.05870636522,  0.        , 0.        , 0.1273    , 0.01688776, 0.22029464, 0.1273    , 0.60982189, 0.00243603, 0.05616389, 0.64519534,-0.0002757 , 0.62736321, 0.65397779, 0.11428816, 0.62736321, 0.65505564, 0.11420554, 0.74305815, 0.03213133
2.119, -0.0771634963765, 0.130843855049, -1.63908356791, -1.62393299835, -1.4661767137, 3.07138180662,  0.        , 0.        , 0.1273    , 0.01688776, 0.22029464, 0.1273    , 0.60982189, 0.00243603, 0.05616389, 0.64519534,-0.0002757 , 0.62736321, 0.65397779, 0.11428816, 0.62736321, 0.65505564, 0.11420554, 0.74305815, 0.03213133
2.139, -0.0774677111785, 0.137524007315, -1.64551867764, -1.62414238407, -1.47193292772, 3.08344046976,  0.        , 0.        , 0.1273    , 0.01703167, 0.22028356, 0.1273    , 0.60874362, 0.00212113, 0.04745185, 0.64441496,-0.00063688, 0.61863242, 0.65327225, 0.11392123, 0.61863242, 0.65435888, 0.11383721, 0.73432728, 0.02336747
2.159, -0.0777532080795, 0.14379313957, -1.65155784537, -1.62433888662, -1.47733497107, 3.09475718259,  0.        , 0.        , 0.1273    , 0.01703167, 0.22028356, 0.1273    , 0.60874362, 0.00212113, 0.04745185, 0.64441496,-0.00063688, 0.61863242, 0.65327225, 0.11392123, 0.61863242, 0.65435888, 0.11383721, 0.73432728, 0.02336747
2.179, -0.0780159677621, 0.149562993197, -1.65711604981, -1.62451973958, -1.48230679212, 3.10517262494,  0.        , 0.        , 0.1273    , 0.01716157, 0.22027348, 0.1273    , 0.60766322, 0.00184641, 0.03960154, 0.64360342,-0.00095371, 0.61076505, 0.65252827, 0.11359915, 0.61076505, 0.65362282, 0.11351388, 0.72645984, 0.01546035
2.199, -0.078251570641, 0.154736520172, -1.66209980266, -1.62468190102, -1.48676476548, 3.11451161039,  0.        , 0.        , 0.1273    , 0.01716157, 0.22027348, 0.1273    , 0.60766322, 0.00184641, 0.03960154, 0.64360342,-0.00095371, 0.61076505, 0.65252827, 0.11359915, 0.61076505, 0.65362282, 0.11351388, 0.72645984, 0.01546035
2.219, -0.0784556580766, 0.159218010683, -1.66641690472, -1.62482237097, -1.49062641882, 3.12260136813,  0.        , 0.        , 0.1273    , 0.01727134, 0.2202649 , 0.1273    , 0.60667115, 0.00162143, 0.0329787 , 0.64283852,-0.00121452, 0.60412769, 0.65182046, 0.11333388, 0.60412769, 0.6529217 , 0.11324753, 0.71982242, 0.00878143
2.239, -0.0786243935878, 0.162923220742, -1.66998620201, -1.62493850883, -1.49381915983, 3.12928982484,  0.        , 0.        , 0.1273    , 0.01731629, 0.22026137, 0.1273    , 0.60624402, 0.00153122, 0.03026975, 0.64250441,-0.00131947, 0.60141277, 0.65150972, 0.11322709, 0.60141277, 0.65261371, 0.1131403 , 0.71710747, 0.00604736
2.259, -0.0787549240644, 0.165789499788, -1.67274734188, -1.62502835085, -1.49628900299, 3.13446388657,  0.        , 0.        , 0.1273    , 0.01731629, 0.22026137, 0.1273    , 0.60624402, 0.00153122, 0.03026975, 0.64250441,-0.00131947, 0.60141277, 0.65150972, 0.11322709, 0.60141277, 0.65261371, 0.1131403 , 0.71710747, 0.00604736
2.279, -0.0788458409798, 0.167785918298, -1.67467052921, -1.62509092756, -1.4980092965, 3.13806772062,  0.        , 0.        , 0.1273    , 0.01738221, 0.22025618, 0.1273    , 0.60559579, 0.00140098, 0.02630099, 0.64199258,-0.00147139, 0.59743523, 0.65103217, 0.11307247, 0.59743523, 0.65214017, 0.11298503, 0.71312989, 0.00204049
2.3, -0.0788976416032, 0.168923395393, -1.67576628242, -1.6251265812, -1.49898944916, 3.14012103737,  0.        , 0.        , 0.1273    , 0.01738221, 0.22025618, 0.1273    , 0.60559579, 0.00140098, 0.02630099, 0.64199258,-0.00147139, 0.59743523, 0.65103217, 0.11307247, 0.59743523, 0.65214017, 0.11298503, 0.71312989, 0.00204049
2.321, -0.0789132044597, 0.169265139306, -1.6760954911, -1.625137293, -1.49928392673, 3.14073793694,  0.        , 0.        , 0.1273    , 0.01741364, 0.2202537 , 0.1273    , 0.60527749, 0.00133973, 0.02440985, 0.64173932,-0.00154301, 0.59553988, 0.65079526, 0.11299956, 0.59553988, 0.65190518, 0.11291181, 0.71123452, 0.00016255
2.339, -0.0789132044438, 0.169265139501, -1.67609549109, -1.625137293, -1.49928392673, 3.14073793694,  0.        , 0.        , 0.1273    , 0.01741364, 0.2202537 , 0.1273    , 0.60527749, 0.00133973, 0.02440985, 0.64173932,-0.00154301, 0.59553988, 0.65079526, 0.11299956, 0.59553988, 0.65190518, 0.11291181, 0.71123452, 0.00016255
2.359, -0.0789132044473, 0.169265139463, -1.67609549109, -1.625137293, -1.49928392673, 3.14073793694,  0.        , 0.        , 0.1273    , 0.01741707, 0.22025342, 0.1273    , 0.60524242, 0.00133308, 0.02420368, 0.64171135,-0.00155078, 0.59533326, 0.65076907, 0.11299164, 0.59533326, 0.6518792 , 0.11290386, 0.7110279 , 0.00013054
2.379, -0.0789132044467, 0.16926513947, -1.67609549109, -1.625137293, -1.49928392673, 3.14073793694,  0.        , 0.        , 0.1273    , 0.01741707, 0.22025342, 0.1273    , 0.60524242, 0.00133308, 0.02420368, 0.64171135,-0.00155078, 0.59533326, 0.65076907, 0.11299164, 0.59533326, 0.6518792 , 0.11290386, 0.7110279 , 0.00013054
2.401, -0.0789132044468, 0.169265139469, -1.67609549109, -1.625137293, -1.49928392673, 3.14073793694,  0.        , 0.        , 0.1273    , 0.01741707, 0.22025342, 0.1273    , 0.60524242, 0.00133308, 0.02420368, 0.64171135,-0.00155078, 0.59533326, 0.65076907, 0.11299164, 0.59533326, 0.6518792 , 0.11290386, 0.7110279 , 0.00013054
2.42, -0.0789132044468, 0.169265139469, -1.67609549109, -1.625137293, -1.49928392673, 3.14073793694,  0.        , 0.        , 0.1273    , 0.01741707, 0.22025342, 0.1273    , 0.60524242, 0.00133308, 0.02420368, 0.64171135,-0.00155078, 0.59533326, 0.65076907, 0.11299164, 0.59533326, 0.6518792 , 0.11290386, 0.7110279 , 0.00013054
2.439, -0.0789132044468, 0.169265139469, -1.67609549109, -1.625137293, -1.49928392673, 3.14073793694,  0.        , 0.        , 0.1273    , 0.01741707, 0.22025342, 0.1273    , 0.60524242, 0.00133308, 0.02420368, 0.64171135,-0.00155078, 0.59533326, 0.65076907, 0.11299164, 0.59533326, 0.6518792 , 0.11290386, 0.7110279 , 0.00013054